31 46
211 54
267 23
715 2
806 44
1005 7
1210 53
1394 49
1415 6
1995 46
2146 33
2270 39
2480 19
2680 20
3012 28
3076 46
3214 58
3724 19
3909 11
4048 17
4210 23
4988 49
5168 18
5338 56
5459 46
5467 56
6103 9
6148 13
6273 15
6722 24
6725 15
6815 5
7229 41
7253 31
7427 54
7986 24
8427 30
8455 51
8537 32
9030 53
9172 16
9240 2
9649 11
9784 57
10323 31
10837 10
10842 48
10919 43
11466 44
11645 49
11742 47
12169 15
12338 29
12751 47
12788 26
12859 29
13211 8
13347 45
13463 27
13975 7
14050 30
14540 14
14719 16
15145 35
15739 21
15933 47
16057 49
16291 20
16334 49
16346 11
16963 11
17493 20
17589 3
17780 12
18178 6
18199 2
18316 58
18638 14
18707 2
18894 4
19270 15
19843 4
20016 54
20028 55
20588 46
20710 57
20773 14
21117 17
21228 53
21270 18
21724 28
21784 52
21889 5
22331 59
22462 8
22833 37
22990 23
23029 43
23503 17
23639 9
23743 17
24128 57
24165 13
24323 18
24763 24
24781 43
24912 12
25325 42
25331 0
25448 22
25866 15
25893 14
25937 54
26522 10
26636 5
26724 0
27158 12
27757 44
27782 12
27837 4
28305 52
28333 54
28442 28
28840 16
28871 49
29435 10
29591 31
29653 41
30093 8
30102 3
30288 1
30728 58
30891 16
30976 2
31358 51
31549 4
31718 39
31985 59
32022 15
32077 15
32488 19
32630 48
32821 53
33145 28
33272 18
33305 49
33757 1
33823 56
34339 17
34497 11
34692 5
34910 34
35544 33
36080 57
36263 17
36457 1
36796 2
36978 36
37344 41
37870 11
37978 18
38073 48
38493 40
38600 3
38713 41
39175 43
39240 49
39260 22
39651 2
40215 58
40953 46
41062 48
41246 11
41560 1
41576 43
41685 22
42194 1
42380 35
42577 50
42606 23
42770 58
42875 31
43357 47
43389 16
43536 38
43931 48
44066 9
44144 39
44443 20
44444 45
44528 0
45083 58
45101 25
45690 27
45748 56
46220 55
46408 30
46475 15
46970 2
46972 12
47580 46
47656 18
48055 52
48205 8
48261 9
48775 11
48833 33
49020 8
49210 9
49993 18
50060 0
50406 24
51137 20
51321 53
51393 30
51671 8
52312 13
52419 3
52593 21
52954 24
53025 53
53457 38
54048 50
54119 27
54296 34
54761 15
54922 33
55063 33
55372 58
55399 29
55556 31
55974 44
56157 47
56554 42
56627 13
56647 9
57035 54
57189 14
57258 22
57652 9
57796 33
57847 26
58346 58
58475 47
58486 9
58834 26
59473 29
59570 30
60164 13
60338 50
60466 16
60680 57
60704 47
60748 15
61242 59
61312 24
61495 21
61809 28
62442 5
62548 10
62623 41
63059 43
63092 36
63262 44
63702 1
63718 53
63886 1
64309 56
64340 25
64453 36
64808 51
64958 43
65002 0
65564 36
66090 6
66189 57
66364 7
66797 16
67389 51
67543 21
67702 31
67910 40
67925 10
68040 35
68455 25
68496 13
68503 49
69104 55
69243 13
69630 25
70259 12
70328 59
70474 50
70912 49
70983 20
71169 38
71426 8
71498 44
72091 28
72243 46
72376 8
72611 40
72794 4
72801 0
73332 50
73872 10
73984 18
74440 56
74504 45
74659 11
75155 31
75223 11
75375 1
75707 37
75838 29
75869 50
76397 9
76866 18
77406 21
77503 41
78173 40
78188 44
78286 52
78701 25
78736 3
79270 3
79315 59
79432 49
79906 42
80556 6
80573 57
80700 31
81168 34
81298 7
81388 12
81646 29
81719 13
81767 51
82228 47
82800 54
83455 9
83574 58
83650 51
84084 50
84722 57
85272 46
85863 49
86537 31
86727 53
86853 45
87090 15
87226 39
87245 5
87675 3
87716 22
87840 51
88289 36
88330 35
88358 50
88947 40
89023 44
89489 21
89491 48
89591 14
90023 58
90779 30
90908 13
91086 33
91337 53
91421 30
91611 35
91915 55
91926 20
92040 20
92563 49
92650 58
93109 33
93216 49
93224 11
93769 50
94368 0
94460 18
94532 4
94848 24
94860 36
95060 54
95469 45
96028 2
96126 19
96644 42
96827 10
96835 23
97357 51
97429 3
97541 52
97830 3
97843 47
97935 4
98413 0
98597 13
98650 49
99187 59
99356 41
99540 11
99689 37
99760 14
99914 45
100257 58
100314 7
100413 6
100972 19
101141 3
101235 40
101563 3
101678 47
101733 7
102098 1
102118 47
102167 12
102710 24
102897 0
103212 0
103333 39
103460 52
103977 52
104060 14
104154 51
104477 24
104582 56
104610 46
105164 11
105715 11
105731 49
105784 19
106325 13
106344 41
106348 43
106949 47
107597 52
107635 5
107645 27
108135 33
108297 44
108494 21
108773 59
108908 32
109003 29
109253 39
109365 51
109556 6
109932 23
110477 33
110580 53
110666 58
111078 59
111233 39
111322 33
111739 18
111924 20
112112 39
112362 22
112935 59
113038 46
113113 0
113456 55
113533 23
113680 24
114181 41
114354 39
114755 53
114873 46
114988 15
115360 16
115537 33
115957 26
116131 49
116132 15
116411 14
117186 47
117301 46
117680 55
117703 57
118377 10
118419 14
118619 41
118812 23
118861 45
119468 54
119515 22
119710 27
120041 19
120139 54
120266 44
120782 54
120926 34
121099 9
121339 45
121492 0
121650 24
121910 18
122052 55
122212 32
122578 20
123007 5
123024 49
123136 16
123633 16
123781 27
123821 7
124291 4
124299 17
124939 58
125412 38
125465 28
125533 56
126040 24
126062 50
126787 35
126847 39
126900 37
127272 14
127908 32
127936 30
128102 37
128415 24
128494 51
129013 23
129170 3
129749 42
129889 26
129918 24
130281 22
130284 35
130997 32
131141 14
131239 34
131594 58
131729 29
131842 53
132149 29
132163 10
132346 11
132733 47
133367 6
133391 24
133559 14
133952 43
134438 14
134608 19
134620 5
135051 39
135195 32
135284 41
135784 19
135815 30
135865 20
136333 43
136463 15
136510 5
136827 44
136889 9
137049 5
137412 22
137508 30
138119 35
138696 53
138702 41
138732 30
139322 38
139400 41
139482 41
139836 0
140034 26
140095 10
140519 4
140718 48
140899 3
141148 18
141660 4
141810 57
142009 27
142266 51
142909 27
143075 23
143100 12
143563 53
143696 42
143839 16
144106 41
144106 2
144236 6
144634 31
144778 50
144826 3
145305 31
145864 1
145965 23
146147 58
146590 35
147106 2
147284 46
147681 59
148349 43
148955 8
149091 24
149490 50
149602 46
149763 7
150026 15
150084 31
150100 11
150772 2
150804 1
150832 24
151272 43
151325 27
151339 57
151834 39
151997 26
152034 26
152543 32
152588 57
152654 7
153024 14
153041 50
153184 53
153759 56
154293 7
154458 0
154549 46
154898 7
155058 0
155246 0
155423 57
155504 29
155590 27
156063 32
156626 40
156726 31
156900 40
157294 55
157312 56
157424 18
157912 52
158096 21
158124 42
158490 23
158639 55
158801 0
159099 37
159165 59
159231 29
159768 36
159888 10
159938 31
160313 40
160450 36
160579 53
160982 32
161001 25
161170 6
161573 27
162080 33
162274 24
162393 59
162600 48
163341 2
163426 57
163972 21
164005 7
164503 7
164669 53
164838 5
165055 21
165251 11
165269 54
165713 5
165797 2
166373 31
166925 25
166961 14
166962 1
167471 7
167597 46
167717 36
168002 31
168083 24
168193 5
168608 9
169328 15
169362 47
169396 6
169916 43
170055 32
170253 44
170417 40
170526 24
170567 57
171171 19
171191 52
171685 24
171722 33
172271 59
172279 1
172430 2
172803 44
172895 10
173020 3
173565 49
173578 50
173770 32
174091 32
174197 44
174625 7
174650 44
174742 41
175350 43
175384 29
175393 42
175970 10
176138 20
176403 46
176557 28
176567 7
177066 59
177696 52
178373 9
178529 29
178616 6
178865 19
178879 29
179569 24
179710 10
180173 32
180333 52
180374 6
180710 6
181306 28
181317 12
181434 16
181964 49
182421 13
182425 58
182556 44
183047 34
183164 25
183634 58
183674 41
183848 41
184356 41
184375 3
184496 40
184923 42
185047 42
185171 7
185463 27
185623 29
186177 19
186322 52
186449 20
186716 28
187283 5
187420 28
187555 54
187863 43
187886 18
188538 28
189072 16
189099 26
189281 38
189636 8
189694 16
189718 38
190203 3
190335 37
190441 27
190994 40
191547 39
191608 52
191710 10
192081 57
192223 42
192302 57
192753 48
192929 38
193292 20
193477 0
193603 34
193833 28
194018 39
194049 7
194452 39
194519 22
194523 20
195063 52
195082 39
195195 30
195755 30
195869 55
195925 52
196257 29
196449 38
196556 40
196988 19
197154 13
197329 1
197479 8
197618 22
198010 28
198196 49
198367 26
198747 33
198759 18
198814 18
199312 42
199500 35
199692 50
199817 4
200421 49
200544 36
200696 9
201057 3
201653 27
202335 55
202379 31
202479 48
202826 49
202867 21
202883 23
203458 6
203607 29
204017 39
204168 22
204715 14
204812 50
205359 43
205448 53
205583 46
205865 56
206439 25
206567 9
206683 22
207059 21
207118 11
207289 1
207621 24
207669 56
207689 2
208393 21
208473 43
208600 44
208801 15
209521 41
209566 56
209713 13
210057 50
210171 26
210221 55
210674 32
210688 11
210832 10
211344 16
211488 51
211491 6
211925 12
211939 32
212094 9
212576 16
212667 22
212862 59
213086 28
213139 32
213220 23
213771 3
213907 42
214039 55
214394 46
214961 39
215034 9
215172 30
215452 50
215594 30
215673 39
216167 38
216284 10
216331 49
216687 52
217276 5
217353 56
217358 27
217854 42
218444 37
219042 12
219764 37
219938 0
219945 51
220359 43
220424 29
220956 28
221142 56
221292 15
221469 28
222164 34
222244 7
222699 47
222799 11
222858 36
223279 56
223844 18
224535 18
225004 21
225041 35
225184 46
225624 4
226312 34
226335 12
226418 7
226839 36
226993 42
227592 49
227752 3
227922 33
228097 56
228229 12
228404 53
228761 46
228943 0
229100 1
229352 31
229435 43
229475 1
229984 51
230107 46
230242 5
230503 39
230504 40
230531 35
231055 12
231143 15
231282 34
231636 35
231668 28
231812 25
232210 28
232410 29
232553 8
232854 24
232931 5
233544 33
234045 43
234164 58
234201 13
234733 33
234882 31
234890 25
235211 53
235393 47
235406 39
235978 29
236174 57
236221 50
236437 10
237166 48
237605 35
238325 10
238409 48
238431 28
238889 9
239045 41
239063 28
239428 25
239438 27
240019 16
240125 5
240304 18
240680 45
241246 17
241307 6
241473 16
241988 33
242123 35
242207 23
242588 15
243147 17
243203 53
243309 30
243624 49
243728 55
243911 49
244397 46
244557 15
244627 12
244969 28
245096 35
245111 21
245439 11
245536 16
245639 22
246190 8
246389 52
246618 53
246719 21
246914 15
247377 25
247545 9
247713 0
247918 25
247978 17
248108 56
248448 8
248583 22
248692 42
249040 29
249232 20
249266 28
249692 39
249753 18
249844 49
250227 30
250360 7
250447 17
250933 40
251091 54
251149 23
251420 51
251599 1
251728 59
252140 48
252686 6
252709 8
252777 27
253334 14
253349 10
253398 54
253856 19
253962 7
254449 49
254555 40
254752 31
255110 20
255293 50
255717 33
255767 26
255847 39
256280 24
256368 59
256418 22
256906 2
257087 58
257156 22
257474 2
257521 14
257580 7
258161 57
258199 28
258244 28
258639 39
258686 40
258879 20
259242 48
259346 7
259878 36
260523 2
260585 11
260740 48
261169 58
261228 46
261288 57
261780 9
262325 0
262449 10
262498 52
262929 28
263523 11
264127 57
264253 29
264415 38
264685 8
265289 18
265313 49
265348 28
265895 49
265925 47
266032 18
266588 58
266752 50
266874 18
267100 14
267291 44
267431 51
267639 31
267653 26
267719 30
268327 24
268822 27
269532 19
270050 55
270637 45
270787 34
270827 7
271374 23
271949 56
272543 23
272691 26
273032 49
273153 10
273341 31
273660 5
273859 48
273930 7
274363 10
274880 14
275041 23
275165 43
275465 51
275662 1
275746 13
276179 27
276239 4
276331 19
276605 14
276749 33
277228 11
277403 9
277569 53
277893 35
278035 57
278204 22
278454 11
278562 8
278618 27
279170 7
279202 31
279299 3
279770 20
279854 22
279927 59
280203 15
280309 2
280329 19
280940 37
280957 56
281027 4
281553 27
281556 6
281675 7
282142 37
282249 41
282381 24
282726 50
282896 40
283011 38
283203 37
283240 55
283421 9
283901 44
283969 25
284430 13
284541 55
284720 55
285000 54
285177 56
285274 49
285785 6
285939 23
285939 24
286286 24
286463 31
286590 43
286832 11
286927 41
286994 41
287508 36
287666 53
287682 2
288029 46
288061 9
288785 15
288941 4
288996 28
289284 29
289447 6
289589 6
289800 1
290435 32
290446 26
290479 27
291121 0
291672 19
292367 11
292370 27
292409 40
292952 12
293036 54
293145 36
293453 21
293597 16
293764 49
294049 46
294234 40
294317 2
294660 19
294662 27
295279 0
295413 55
295465 45
295916 40
295975 1
296430 49
296526 18
296652 32
297125 52
297224 19
297636 38
298345 11
298474 28
298478 3
298880 55
298931 50
299006 27
299485 19
299666 2
299744 45
300106 37
300777 59
300819 42
300959 58
301220 31
301889 9
302077 23
302084 33
302424 44
302427 27
303016 20
303136 29
303330 54
303716 58
303912 30
304112 18
304204 41
304361 49
304938 20
304942 12
305097 34
305461 53
305505 52
305591 16
306084 16
306637 2
307343 44
307354 53
307519 14
307959 46
308041 8
308213 3
308541 52
308632 0
309073 59
309129 45
309258 33
309784 42
309859 48
310040 42
310299 54
310436 58
310477 28
310819 9
311006 35
311099 48
311414 41
312059 37
312244 36
312283 9
312621 46
312690 17
312855 42
313241 31
313252 30
313358 54
313856 29
313934 51
314521 38
314713 13
315112 41
315165 48
315351 14
315651 17
315664 51
315800 24
316290 26
316413 0
316415 42
316874 45
316921 15
316940 5
317532 49
317557 45
317660 12
318001 21
318075 26
318230 52
318800 3
318939 18
318946 30
319338 7
319475 55
319547 34
319940 20
320122 3
320284 26
320471 42
321081 35
321233 48
321407 13
321672 38
321779 10
321959 16
322213 25
322305 27
322424 24
322965 34
323458 35
323616 31
323734 22
324031 21
324134 7
324310 34
324631 13
324679 25
324691 1
325234 40
325260 59
325962 26
326138 23
326212 23
326557 9
326734 33
326745 17
327112 47
327288 57
327390 26
327614 33
328325 27
328504 46
328558 17
328927 56
329117 18
329496 45
329563 27
329646 0
330016 17
330051 47
330222 39
330635 31
330819 53
331000 53
331216 5
331857 7
331899 56
331975 51
332440 38
332442 18
332637 8
333120 31
333255 31
333292 23
333724 37
333882 34
333889 58
334258 0
334269 8
334296 4
334901 19
335040 5
335159 13
335545 36
335700 26
335851 38
336163 5
336269 57
336353 46
336731 44
336863 52
336968 48
337342 1
337377 8
337452 17
337858 48
338431 52
339008 58
339621 58
339802 51
339865 26
340324 34
340410 50
340862 14
340909 26
340999 26
341416 8
341502 34
341632 47
342174 17
342248 6
342299 3
342798 30
342801 28
342891 39
343220 56
343851 11
343960 54
344556 21
344721 37
344744 40
345126 48
345178 47
345332 55
345636 27
346206 36
346313 23
346339 56
346861 49
347000 37
347127 22
347521 12
347563 37
347734 55
348119 34
348176 14
348633 21
348807 20
348954 19
349371 6
349556 0
349730 50
349934 30
349943 49
350512 44
350676 33
351154 59
351299 22
351373 47
351723 8
352259 51
352413 23
352441 37
352809 21
353412 8
353427 37
354189 19
354274 47
354348 28
354630 47
354795 55
355205 25
355355 38
355411 44
355848 12
356016 37
356188 24
356504 3
356533 57
356621 17
357088 45
357788 24
357979 1
358244 9
358942 52
358962 9
359161 27
359469 43
359631 14
359673 31
360038 20
360112 11
360212 21
360752 31
360790 10
361336 7
361913 56
362022 26
362070 32
362585 18
362776 21
363004 28
363202 30
363277 2
363785 56
363868 37
363871 38
364332 44
364344 51
364439 8
364885 13
365010 35
365115 50
365506 36
365663 32
365746 39
366069 2
366153 58
366353 15
366617 30
366798 17
367246 13
367341 24
367509 21
367883 38
367892 40
367986 31
368436 19
368554 2
368559 1
369013 10
369112 0
369148 46
369622 57
369622 44
370290 12
370826 20
371595 48
372072 24
372234 4
372292 57
372702 28
372855 32
373361 32
373525 29
373596 31
373803 50
373977 28
374008 18
374457 52
374522 12
374711 24
375086 29
375209 49
375686 30
375763 29
375866 53
376245 49
376289 26
376466 11
376830 54
377524 27
377605 47
377708 44
378096 5
378167 54
378783 41
379311 23
379418 17
379586 2
379936 31
380038 35
380207 14
380453 41
380497 37
381088 43
381242 10
381249 51
381794 41
381953 27
382151 18
382274 10
382363 33
382438 16
382937 24
382994 53
383178 54
383534 53
383692 21
384156 9
384160 43
384184 34
384766 36
384770 27
384823 31
385338 47
385472 51
385633 34
385983 13
386133 2
386207 59
386429 7
386545 50
386623 7
387123 54
387308 42
387340 43
387770 37
387926 42
388000 27
388387 25
388469 19
388666 6
388886 44
388957 35
389107 12
389585 46
389680 14
390171 29
390232 56
390716 7
390749 32
390890 21
391225 45
391860 27
391986 42
392037 19
392569 6
392583 24
392782 58
393014 16
393058 22
393108 49
393681 32
393864 54
393930 56
394222 54
394912 19
395025 50
395040 4
395428 17
395557 49
395664 55
396015 29
396062 35
396138 42
396621 49
396697 20
397260 52
397820 17
397869 17
397870 36
398557 8
398571 16
398604 35
399160 52
399187 34
399281 26
399675 0
399685 19
400396 40
400522 36
400954 58
401005 41
401164 22
401536 50
401715 9
401887 48
402016 32
402020 16
402140 58
402788 3
402906 52
403010 35
403306 42
403342 5
403510 10
403962 43
404137 43
404143 13
404492 34
404641 12
404661 3
405141 44
405141 13
405257 31
405661 0
406356 21
406394 31
406544 6
406833 40
406927 7
407043 44
407517 20
407594 56
407599 48
408073 51
408245 39
408320 49
408757 28
408823 23
408835 2
409328 19
409421 24
409578 23
409837 44
410592 41
410774 59
410910 42
411061 52
411181 14
411364 15
411629 47
411768 15
411878 24
412395 59
412451 22
412479 47
412829 49
412993 43
413105 30
413541 5
413580 19
414090 59
414262 2
414659 50
414793 3
414990 58
415385 8
415960 1
416132 17
416152 9
416492 6
416537 37
416543 31
417176 41
417226 56
417238 58
417671 48
417857 45
417865 57
418284 32
418293 2
418453 52
418851 17
418993 19
419072 51
419551 27
419640 27
420166 22
420337 0
420440 20
420635 1
420681 15
420800 9
421397 45
421509 19
421617 23
421850 46
422572 14
422688 35
422765 32
423176 53
423212 20
423302 4
423722 32
423881 36
424389 15
424557 32
424962 28
425026 0
425464 2
425562 31
426048 41
426180 58
426754 13
426835 58
427215 10
427223 29
427315 35
427904 37
428475 2
428649 10
428759 45
429101 53
429280 14
429422 57
429669 12
429796 56
429808 43
430343 1
430376 44
430443 27
430866 13
430973 37
431095 19
431444 47
431636 50
431821 53
432084 40
432132 31
432263 24
432774 46
433294 17
433297 56
433423 15
433918 41
434104 26
434229 33
434408 37
435001 38
435636 14
435639 27
435650 50
436336 0
436496 22
436549 44
436880 25
437066 22
437574 57
437713 27
437910 19
438115 10
438600 58
438795 38
439236 31
439326 11
439326 8
439840 12
439953 12
440089 27
440572 20
440663 15
441036 59
441144 21
441339 46
441669 39
441697 46
441794 58
442294 5
442329 59
442518 30
442898 37
442929 6
443122 25
443564 39
443641 54
443838 14
444100 34
444240 24
444633 30
444700 20
445252 57
445270 35
445412 5
445997 46
446139 23
446157 34
446526 21
447060 10
447097 51
447170 51
447699 53
447881 9
447907 6
448253 35
448372 52
448499 51
448933 14
449117 41
449406 53
449495 13
449500 54
450146 24
450614 23
450720 33
450772 52
451302 32
451391 15
451431 42
451977 31
452591 57
452632 40
453196 19
453255 55
453429 57
453711 56
453775 53
453924 13
454211 31
454294 48
454489 44
454813 10
454881 27
455600 29
455663 27
455739 47
456181 41
456270 26
456690 49
457351 20
457469 18
457615 53
457817 54
457981 20
458024 42
458441 18
459175 52
459308 23
459748 33
460357 56
460951 12
461050 58
461130 58
461508 24
461569 21
461668 39
462026 7
462142 23
462221 12
462618 10
462785 57
462970 8
463229 4
463254 1
463433 30
463861 3
463946 30
464458 58
464639 17
465129 50
465788 26
465868 22
466068 33
466365 16
466558 9
466558 30
466932 55
466973 17
467145 49
467589 32
467713 45
467809 39
468095 23
468234 16
468742 24
468746 34
468799 21
469223 42
469359 49
469406 15
469949 33
469972 44
470120 50
470407 19
471074 22
471261 50
471721 15
471810 58
471845 42
472211 34
472312 48
472377 58
472843 26
473592 13
473702 48
473785 13
474180 32
474232 28
474709 14
474808 53
474854 46
475391 47
475543 10
475570 51
475974 52
476132 55
476458 8
476527 5
476697 10
477137 11
477141 47
477193 53
477684 54
477756 42
477948 34
478289 49
478316 46
478449 53
478926 33
479430 25
479505 47
479526 5
480190 5
480259 56
480329 33
480758 29
480955 32
481318 47
481320 11
481885 13
481923 30
482060 40
482453 20
482593 52
482750 19
483148 45
483256 32
483400 22
483793 54
483929 3
484092 39
484343 34
484498 40
484646 44
484884 6
484909 53
485011 52
485525 26
485699 13
485842 59
486099 28
486108 11
486298 45
486600 43
486648 19
486776 13
487277 40
487375 7
487983 52
488582 50
488656 30
489035 34
489189 30
489271 18
489711 47
490387 53
490410 26
490858 6
491029 47
491596 30
491644 45
491651 19
492032 36
492098 16
492626 10
492727 51
492849 51
493218 30
493844 0
494019 1
494148 40
494453 45
494529 42
494617 6
495130 27
495626 42
496297 24
496884 28
496906 24
497052 55
497419 51
498150 57
498253 45
498403 26
498632 4
498797 31
498801 27
499205 31
499958 15
500405 19
500497 7
501034 16
501210 51
501222 47
501715 16
501752 1
501856 15
502339 16
502487 22
502604 10
502938 1
502946 45
503078 31
503598 30
503658 9
504055 41
504113 40
504310 58
504714 42
504845 51
504937 40
505293 12
505979 8
506063 56
506140 10
506489 33
507098 51
507125 17
507235 28
507753 39
507779 5
507910 47
508253 32
508326 37
508489 18
508834 0
508940 4
508968 15
509509 17
509523 29
510062 54
510069 31
510753 46
510825 25
510910 13
511300 51
511406 20
511873 3
511878 14
512514 8
512581 47
512637 45
513166 39
513172 58
513357 3
513666 57
513753 24
513839 23
514231 32
514909 4
515475 32
515605 35
516070 16
516096 45
516162 55
516726 47
516798 16
516976 4
517253 0
517449 49
517490 56
517936 39
517989 2
518100 45
518444 27
519157 11
519243 50
519264 57
519773 10
519875 35
519917 52
520286 28
520948 29
521513 21
521624 6
521726 42
522002 27
522734 19
523390 43
523549 48
523553 42
523989 45
524003 27
524177 21
524580 13
524615 41
524635 43
525148 30
525293 13
525382 1
525741 26
525876 8
525877 8
526388 54
526415 18
526973 50
527044 13
527199 0
527403 18
527536 10
527601 48
528142 37
528693 44
528834 55
528921 36
529211 31
529396 8
529436 53
529830 2
529963 5
530124 17
530573 32
530727 35
530837 45
531163 58
531670 35
531678 13
531699 39
532211 44
532965 13
533562 20
534084 38
534736 51
534893 36
534913 45
535266 20
535462 26
535954 18
535997 57
536070 36
536430 16
536489 39
536606 33
537029 23
537113 49
537230 14
537641 54
537841 57
538355 48
538437 14
538531 29
538811 8
538925 7
539494 11
539582 6
539676 11
540095 44
540181 56
540708 46
540808 3
540984 5
541365 56
541982 25
542018 0
542196 25
542446 27
542519 22
542670 17
543025 8
543026 54
543144 41
543640 43
543666 10
543862 24
544341 26
544971 2
545051 25
545234 4
545558 19
545757 21
545832 4
546171 4
546294 12
546350 17
546726 5
546870 22
546924 27
547236 48
547801 20
547960 11
547988 40
548430 17
548480 12
548509 32
549115 3
549310 35
549339 17
549725 32
549800 46
549990 18
550334 29
550351 45
550366 48
550903 44
551041 45
551584 26
551649 20
551754 44
552196 22
552249 51
552306 39
552686 47
552688 23
552752 41
553233 42
553418 8
553531 39
553827 50
553991 34
553991 22
554441 11
554589 54
554616 44
555066 45
555195 44
555306 50
555704 30
555741 9
555884 37
556265 45
556340 58
556403 2
556978 4
557584 8
557731 3
557924 58
558074 40
558129 40
558323 29
558620 12
558693 27
558837 31
559332 23
559417 24
559524 43
559827 52
559841 56
559899 5
560570 45
560614 13
560738 49
561190 25
561289 7
561488 11
561798 21
561804 38
561868 39
562335 27
562837 0
562994 29
563057 10
563443 15
563641 9
563768 35
564106 24
564298 45
564390 8
564656 47
564841 2
565036 36
565218 25
565381 34
565824 3
566558 18
566651 46
567078 4
567141 56
567210 23
567786 26
567983 46
568095 11
568233 26
568269 57
568412 46
568940 31
569566 1
570016 5
570074 28
570095 36
570687 17
571351 43
571474 47
571584 9
571976 38
572042 26
572072 2
572594 13
572657 21
573003 46
573060 42
573101 3
573619 19
573630 27
573667 34
574317 30
574496 13
574867 20
575043 27
575220 41
575570 54
575735 52
575905 56
576001 2
576075 48
576149 12
576701 50
576830 22
576924 14
577371 39
577407 21
577481 34
577800 5
577955 26
578029 16
578587 25
578644 11
579176 26
579219 34
579370 45
579777 47
579794 14
579994 21
580298 18
580363 16
580812 46
580953 50
581054 29
581530 31
581660 25
581751 48
582039 29
582122 0
582274 19
582710 19
582888 53
582932 45
583309 55
583483 8
583875 24
584075 19
584108 19
584567 18
585187 34
585338 40
585499 11
585716 24
585905 6
586013 42
586200 18
586254 40
586407 46
586983 37
586999 15
587089 27
587567 17
588115 38
588207 30
588267 42
588767 58
588937 41
589118 50
589212 14
589225 2
589321 47
589952 48
590504 57
591078 46
591674 11
591872 6
591918 25
592361 25
592541 17
592726 47
592801 49
592806 3
592837 29
593593 45
593767 25
593914 36
594186 58
594192 54
594757 38
594775 57
594848 57
595299 52
595922 4
596034 31
596134 4
596460 59
596585 2
597041 30
597233 58
597671 50
597774 42
598350 15
598405 12
598883 58
598990 20
599131 14
599420 52
599615 1
599747 43
600162 33
600349 32
600456 32
600741 46
601379 13
601900 40
601940 52
601960 53
602574 35
602671 1
602685 51
603020 17
603120 4
603226 35
603611 55
603682 26
604386 36
604554 31
604573 58
604840 31
604946 6
605039 3
605533 39
606127 18
606625 12
606792 37
606830 31
607394 17
607412 35
607599 18
607828 50
608514 22
608551 51
608599 40
609099 2
609719 48
609803 56
609940 38
610370 0
610449 30
610547 19
610915 18
610936 30
611537 38
611691 19
611706 9
612191 27
612337 18
612488 43
612602 41
613289 54
613430 37
613614 47
613837 42
613920 17
613948 25
614540 34
614736 4
614900 33
615027 25
615194 27
615216 56
615782 32
616375 14
616572 56
616969 27
617006 4
617182 55
617547 24
617588 51
618173 5
618713 19
618727 19
619286 3
619476 13
619604 26
619906 0
619971 53
619979 58
620574 1
620749 37
620787 17
621088 29
621766 25
622230 46
622414 29
622428 23
622934 44
623041 16
623228 3
623401 14
624154 52
624282 33
624407 11
624754 33
625365 46
625869 20
625983 7
626097 12
626407 45
626585 50
626755 32
627066 41
627210 14
627800 28
627926 56
627946 35
628265 50
628365 22
628963 19
629498 34
629593 53
630188 52
630615 50
631284 32
631381 0
631482 31
631930 11
631941 53
632405 49
633019 53
633042 45
633195 13
633756 0
633854 30
633910 25
634359 9
634526 11
634697 55
634911 20
634998 13
635072 21
635524 8
636008 30
636144 43
636342 28
636740 38
637300 18
637378 25
637495 59
637874 26
638015 21
638125 10
638424 28
638608 4
638767 4
639114 2
639636 41
639779 21
639965 9
640323 34
640877 45
640960 1
641016 6
641511 10
642198 42
642636 30
642815 56
643284 53
643434 37
643999 27
644178 4
644205 32
644434 55
645112 6
645723 3
645731 8
645927 57
646314 53
646426 21
646842 20
646857 10
647011 58
647472 39
647507 5
647514 34
648066 12
648090 3
648097 17
648622 36
649232 41
649294 25
649339 22
649864 55
649951 15
650512 9
650651 55
650690 48
651182 1
651199 17
651388 39
651645 17
651799 1
651888 39
652372 25
652488 40
652903 37
653049 53
653512 20
653550 56
653720 28
654087 24
654600 41
655246 21
655376 24
655418 12
655829 7
655947 28
656543 0
656650 58
656669 23
657166 42
657189 53
657308 33
657722 18
657760 3
657829 46
658358 5
658484 48
658528 0
658901 35
659488 57
659542 17
659695 10
660150 17
660685 29
660863 11
660935 55
661200 57
661221 49
661281 57
661814 30
661952 5
662029 35
662540 18
662621 3
662736 38
663191 11
663222 13
663258 31
663618 25
663736 16
664304 53
664334 39
664363 36
664842 30
664843 56
664957 47
665510 41
665695 39
665885 32
666032 12
666041 1
666207 30
666730 21
666875 29
667280 9
667324 26
667487 41
667966 34
668033 28
668553 23
669194 35
669714 13
669860 13
670057 45
670306 11
670429 26
670451 48
670843 44
671035 41
671206 37
671419 36
671532 15
671604 26
672169 26
672778 18
672864 52
672963 3
673288 21
673397 31
673816 43
673957 14
674585 42
674617 1
674659 5
675165 5
675354 14
675364 7
675792 5
676285 26
676836 32
676933 15
676940 30
677541 25
677736 36
677769 26
678021 17
678188 30
678234 0
678701 41
678898 22
679041 14
679351 3
679401 49
679966 10
680034 40
680132 56
680478 43
680654 47
681002 23
681070 57
681267 49
681625 15
681670 29
681836 32
682327 46
682488 8
682673 32
682852 46
682887 34
683530 49
684037 53
684079 27
684151 59
684777 20
684970 12
685370 0
685540 47
685622 42
685981 6
686528 40
686647 29
686790 20
687040 17
687190 26
687289 2
687717 36
687892 42
688077 21
688235 3
688284 52
688808 18
688964 1
689550 19
689560 9
689723 11
690143 21
690264 55
690455 8
690618 2
690681 9
690725 21
691398 38
691579 2
691642 21
691870 23
691952 8
692126 10
692426 0
692486 32
693045 15
693064 58
693079 43
693668 21
693688 48
693871 16
694310 38
694361 54
694985 33
695581 34
695750 23
695758 7
696161 38
696330 43
696443 38
696796 59
696963 37
697075 35
697360 39
697423 54
697931 33
697996 53
698181 31
698547 36
699151 31
699284 23
699361 12
699621 13
699770 32
699839 49
700217 1
700243 47
700850 14
701569 0
701583 40
702183 6
702368 34
702478 9
702749 37
702797 40
702900 30
703276 34
703801 32
703895 41
704051 20
704587 45
704668 20
704700 6
705147 43
705335 44
705413 34
705713 12
705865 1
706292 55
706942 25
707133 59
707178 22
707472 43
707546 52
708157 39
708297 39
708426 42
708712 44
709244 31
709432 10
709518 23
709941 57
710062 15
710568 42
710582 10
710676 48
711185 11
711223 15
711333 40
711663 49
711842 16
711970 13
712202 3
712960 53
713089 58
713282 0
713520 34
713654 4
714095 44
714245 5
714431 52
714702 32
714816 23
714995 51
715211 11
715349 54
715376 29
715844 55
716038 32
716522 18
716615 45
716782 45
717057 36
717120 27
717604 13
717774 28
718325 41
718921 31
719038 35
719552 59
719689 17
720112 10
720744 31
720824 1
720859 41
721266 2
721385 11
721471 30
721956 40
722117 55
722554 35
722672 54
722793 23
723137 4
723221 48
723368 50
723743 37
723756 21
723776 41
724351 7
724386 39
724586 37
724995 13
725051 2
725534 47
725687 26
725805 22
726080 9
726244 41
726362 2
726663 46
726837 11
726934 26
727249 15
727393 35
727535 54
727945 51
728434 9
729153 0
729661 16
729829 57
730300 7
730864 23
730971 48
731112 10
731511 7
731644 0
731733 41
732085 44
732111 36
732114 15
732728 29
732800 2
732935 47
733290 39
733397 31
733406 6
733912 32
733930 44
734007 59
734478 24
734582 47
734732 14
735006 26
735017 6
735146 50
735739 53
735805 26
736313 28
736475 30
736669 58
736936 41
736969 10
736970 55
737502 51
737689 9
737788 14
738094 7
738135 6
738631 47
738730 24
738750 59
739304 20
739911 57
740465 11
740632 47
740658 1
741071 2
741175 50
741375 49
741637 42
741795 19
741848 28
742266 35
742431 14
742608 25
742878 2
743013 30
743044 35
743525 34
744092 34
744114 12
744228 48
744722 3
744731 28
744862 17
745383 11
745390 24
745542 30
745896 49
745916 16
746018 8
746448 17
746479 49
746612 19
747086 44
747650 25
747710 35
747833 21
748331 32
748478 32
748882 25
748970 7
749592 10
749608 51
750032 10
750132 47
750306 21
750767 41
750779 23
751308 22
751418 37
751959 52
752474 25
752551 1
752634 30
753142 32
753285 38
753669 0
754289 8
754310 59
754337 15
754854 43
754981 48
755050 11
755486 52
755626 28
755725 44
756047 33
756241 47
756244 37
756716 22
756844 42
757025 43
757277 45
757295 41
757481 54
757902 47
758533 49
758675 54
758791 19
759085 6
759167 45
759322 3
759777 10
759789 21
759822 30
760298 16
760350 10
760351 8
760894 26
761029 35
761118 45
761457 34
762073 11
762688 54
762826 18
762906 50
763392 1
763972 37
764068 1
764129 28
764464 53
764608 59
764661 13
765030 21
765074 25
765158 53
765785 10
765969 25
766264 46
766446 27
766505 29
766971 21
767068 47
767182 42
767567 44
767683 9
768172 28
768739 46
769357 4
769494 47
769971 13
770056 35
770548 25
770667 42
770741 48
771029 3
771122 45
771293 44
771603 48
771678 29
771698 44
772294 52
772459 52
772499 43
772835 14
772962 18
772963 25
773420 14
774156 5
774342 11
774430 42
774661 0
774765 12
774956 51
775257 38
775367 58
775473 46
775877 18
775880 55
775947 0
776503 2
776570 49
776610 15
777115 49
777175 18
777356 47
777751 14
777765 45
777780 21
778342 46
778464 16
778916 50
778920 28
779046 49
779540 19
780050 54
780187 7
780274 27
780624 48
780631 17
780817 8
781361 38
781557 7
781821 32
782493 47
782645 10
782654 0
783102 3
783189 40
783343 50
783795 39
783889 2
784037 8
784356 19
784519 24
784826 30
784991 56
785433 10
785463 48
785560 14
786166 4
786193 53
786219 45
786687 50
787266 59
787287 21
787463 22
787932 39
788024 12
788498 30
788500 57
788695 22
789062 8
789149 2
789172 50
789666 39
789821 25
790001 13
790270 11
790435 44
790838 10
790921 31
791015 3
791502 7
791672 10
791828 32
792107 22
792216 37
792749 14
792769 16
792794 34
793266 52
793953 34
794089 50
794171 57
794404 48
794493 13
794526 59
795056 40
795233 43
795318 44
795703 46
795732 51
795931 43
796400 6
796579 0
796595 53
796913 55
797406 40
797591 19
797650 56
798156 14
798284 43
798431 59
798665 26
798841 29
799335 31
799450 48
799553 14
799973 54
800086 54
800147 33
800444 32
800583 28
800672 2
801124 28
801698 0
801847 16
802012 37
802361 41
802522 25
802867 8
803028 50
803168 41
803517 55
803702 49
803793 6
804186 14
804318 15
804415 42
804639 56
804728 24
804808 54
805310 21
805866 59
805917 38
806413 40
807167 58
807303 21
807411 40
807636 3
807721 12
807803 12
808293 9
808394 37
808411 32
808857 17
808962 54
809064 48
809500 53
809574 23
809678 11
810076 40
810183 12
810196 29
810770 50
811253 45
811306 51
811477 18
811994 14
812065 27
812171 3
812431 57
812541 15
812738 47
813112 11
813215 3
813226 18
813645 37
813824 1
813946 26
814343 24
814372 18
814853 39
815455 41
815582 42
815700 35
816123 40
816293 10
816464 33
816681 39
816789 11
816956 21
817242 49
817350 57
817523 40
817826 59
817920 26
817948 58
818534 26
818592 27
818758 29
819162 56
819361 42
819526 31
819766 5
819959 28
820154 13
820215 35
820905 44
821071 24
821161 28
821584 38
821731 5
821808 57
822193 8
822342 46
822705 37
822887 15
823202 25
823823 44
823864 6
824016 19
824515 3
824617 1
824725 36
825190 30
825260 24
825311 50
825733 41
825733 1
825802 38
826303 6
826415 29
826501 55
826965 48
826969 23
827010 20
827546 8
827599 39
827686 57
828193 19
828610 18
828655 25
828774 22
829328 20
829424 16
829501 21
829823 56
829823 19
829933 20
830433 25
831132 28
831754 20
832288 58
832862 25
833031 26
833171 37
833516 47
833633 13
833760 39
834022 20
834036 9
834117 35
834698 12
834772 22
834907 57
835246 50
835253 48
835319 56
835917 20
836098 26
836270 7
836513 35
837092 17
837234 25
837288 58
837606 31
837655 58
837813 39
838277 27
838366 53
838446 47
838802 41
838881 0
838908 23
839487 56
839528 38
839718 42
840069 52
840123 12
840203 56
840653 7
840797 18
840864 51
841351 29
841545 15
841605 13
841946 48
842052 35
842225 17
842596 58
842749 38
843044 33
843201 37
843374 36
843649 3
843681 37
843799 46
844326 49
844402 10
844976 49
845044 10
845139 36
845539 4
846094 33
846203 55
846227 36
846725 18
846759 40
846771 52
847249 21
847271 26
847390 29
847829 18
848423 34
848487 39
848666 46
849046 26
849057 59
849072 44
849737 14
849817 34
849902 27
850371 50
850565 20
850814 54
850941 25
851118 59
851419 56
851536 1
851651 43
852072 45
852248 42
852440 19
852655 19
852716 8
852741 35
853354 36
853410 59
853960 25
854569 44
854744 10
855178 34
855285 5
855704 56
855893 49
856044 9
856300 17
856329 17
856526 42
856899 7
857069 51
857101 52
857450 7
857588 46
857602 19
858156 18
858167 40
858190 57
858784 17
859359 53
859557 18
859956 17
860586 46
860780 29
860820 45
861031 2
861177 39
861680 37
861878 59
862022 38
862288 42
862440 57
862849 34
862960 25
863516 50
863678 3
863838 26
864122 30
864234 57
864301 5
864678 20
865257 0
865812 39
865878 10
866584 24
866679 52
866797 7
867189 5
867282 53
867341 2
867660 19
867726 57
867817 16
868323 48
868482 7
868657 39
868919 38
869074 31
869104 34
869571 40
869635 25
869704 40
870035 15
870655 4
870722 58
870758 41
871209 32
871317 43
871512 39
871975 35
872109 8
872263 10
872461 9
872561 47
872731 54
873140 33
873321 29
873345 38
873697 43
873870 52
873939 53
874307 1
874310 29
874483 42
874814 5
874890 14
874933 8
875404 40
875520 13
876134 30
876696 27
876800 7
876894 5
877332 46
877362 40
877539 55
877802 38
878543 13
878709 27
878881 9
879188 53
879777 24
880351 39
880415 50
880537 58
880914 48
881042 11
881404 26
881538 32
881583 23
882117 29
882301 38
882379 37
882684 2
882792 37
882811 30
883363 14
883555 41
883685 51
883932 54
884006 38
884053 9
884504 11
884546 0
885043 19
885118 52
885314 42
885725 36
885778 23
886336 20
886474 37
886532 41
886928 53
887045 32
887069 38
887442 1
888167 38
888620 41
888733 21
888835 14
889383 40
889543 45
889614 8
889934 54
890438 19
890473 45
891174 30
891255 10
891310 42
891619 10
891804 10
891967 31
892294 32
892950 41
893086 47
893221 5
893528 20
893614 10
893781 32
894103 1
894293 42
894740 32
894752 38
894799 10
895209 10
895219 30
895235 19
895811 7
895967 43
896017 31
896555 26
897078 59
897737 31
898283 4
898949 53
899092 31
899201 55
899564 49
899652 9
899796 51
900025 54
900708 12
900750 59
900892 36
901344 28
901513 16
901704 49
901894 23
902024 8
902481 54
902537 24
902587 9
903165 53
903303 51
903356 24
903607 26
903648 44
903816 56
904252 37
904421 58
904979 13
905082 49
905181 57
905547 59
905654 18
906186 20
906250 31
906718 43
907392 43
907581 12
907683 57
907835 32
907843 31
907915 2
908438 44
908475 12
908607 35
909083 37
909752 15
909771 38
909901 54
910237 39
910315 0
910351 56
910925 27
911590 1
911760 57
911924 5
912178 45
912315 12
912475 43
912743 18
912844 34
913000 1
913347 0
913484 29
913523 32
913839 35
913982 48
914157 37
914410 10
915170 11
915792 25
915822 6
915855 1
916298 38
916396 10
916430 45
916894 5
917497 31
917603 57
917648 29
918121 7
918130 29
918198 21
918656 18
919380 14
919565 5
919613 58
919887 17
920576 13
920716 37
920763 9
921133 37
921176 10
921778 33
922339 33
922396 44
922402 51
922978 28
923037 57
923175 14
923586 19
924074 2
924166 22
924289 37
924748 1
924755 34
924817 45
925255 29
925444 1
925914 0
926559 14
926705 13
926868 1
927169 0
927287 44
927438 0
927611 5
927667 35
927845 52
928333 47
928516 48
928681 48
928859 21
928922 20
929040 46
929600 29
929739 54
929827 34
930160 13
930357 30
930383 47
930644 41
930674 5
930726 21
931273 8
931319 36
931372 1
931986 11
932084 46
932478 13
932608 4
932645 59
933008 10
933759 17
933931 8
934088 34
934346 53
934885 50
935034 20
935232 51
935588 46
935670 47
935720 30
936105 25
936714 37
936722 32
937393 20
937449 32
937637 51
937993 57
938157 25
938492 12
938612 6
938615 1
939163 25
939355 25
939417 48
939618 19
939774 8
939778 44
940241 21
940311 31
940341 26
940993 4
941580 29
941660 19
941839 1
942157 30
942289 27
942329 26
942799 34
942995 26
943356 54
943987 11
944187 23
944474 31
944657 19
945184 22
945349 14
945513 20
945787 59
945888 21
945902 9
946322 28
946327 22
946403 36
946906 36
946928 43
947054 24
947500 40
948153 21
948234 49
948327 16
948772 17
948890 43
949021 5
949311 51
949905 41
950094 19
950241 12
950567 4
950704 9
951109 5
951284 29
951417 25
951774 41
951944 10
952303 26
952461 6
952601 24
952886 59
953039 30
953233 12
953558 53
953614 56
953791 52
954043 45
954054 9
954163 31
954636 19
954658 39
954779 20
955338 21
955409 46
955515 36
955855 54
955905 21
956564 18
956696 16
956714 50
957057 2
957128 28
957279 42
957740 58
957914 37
958302 53
958397 49
958977 54
959054 55
959187 57
959596 22
959761 50
959849 14
960065 19
960776 56
960785 9
960961 52
961303 17
961856 18
962034 19
962217 33
962428 14
962560 46
962628 45
963135 30
963791 49
963901 3
963997 4
964266 0
964449 39
964451 7
964982 18
964987 1
965146 9
965508 40
965663 29
965788 44
966077 17
966224 24
966337 31
966691 36
967275 20
967433 22
967471 59
967837 30
967975 55
968093 25
968412 54
968443 2
969169 13
969172 42
969308 9
969619 49
970295 21
970438 14
970588 29
970902 11
970994 2
971048 30
971431 41
971597 33
971690 7
972077 44
972140 44
972186 15
972761 21
972932 54
972955 49
973206 0
973365 55
973427 12
973908 58
974015 36
974123 5
974565 11
974578 49
974603 53
975175 46
975372 24
975795 52
975866 51
976376 40
976956 22
977007 45
977053 29
977409 49
977587 34
977690 22
978046 17
978111 46
978163 19
978722 37
978861 4
978909 59
979226 56
979405 58
979588 26
979936 27
980081 45
980279 19
980588 41
980707 43
981161 12
981182 26
981193 4
981634 6
981728 25
981814 49
982261 47
982372 24
982836 4
982913 39
982932 45
983425 53
983481 34
983596 11
984085 9
984179 41
984218 26
984780 22
984837 43
985234 17
985420 10
985989 33
986148 25
986292 24
986431 43
987112 57
987218 48
987306 23
987649 36
987753 42
988310 32
988420 50
988615 31
988855 22
988896 2
988961 12
989591 4
989605 36
989688 32
990142 24
990289 30
990477 26
990665 5
990790 34
990958 27
991233 32
991881 3
992043 11
992072 43
992424 11
993077 11
993092 23
993183 31
993736 54
993827 46
993914 2
994326 19
994526 2
994688 35
994933 39
995034 32
995544 5
995613 45
995616 35
996198 27
996294 38
996376 7
996738 15
996763 9
996845 10
997250 18
997420 59
997495 34
997816 11
998573 4
998650 18
998790 46
999109 10
999228 18
999384 26
999613 9
999619 23
999644 3
