192 6
288 7
392 18
764 12
962 10
1017 4
1397 5
1476 19
1669 2
1929 13
1975 0
2040 8
2436 0
2632 9
2726 18
3116 18
3167 13
3201 2
3651 8
4362 16
4412 15
4606 13
4902 14
5057 15
5157 16
5501 14
5698 16
5847 12
6040 9
6153 1
6340 1
6638 13
7326 3
7514 16
7909 11
8079 11
8235 13
8405 2
8569 1
8583 19
9014 13
9122 19
9263 13
9635 9
9788 1
9881 0
10316 9
10340 19
10402 6
10955 2
11449 14
11586 19
11746 19
12014 18
12191 2
12354 7
12671 11
12830 4
12969 7
13209 4
13372 15
13496 2
13838 8
14026 8
14148 5
14509 3
14696 1
15076 8
15121 6
15709 7
15909 13
15973 4
16360 17
16467 2
16529 11
16845 19
16993 14
17524 17
17651 19
18051 13
18081 1
18184 12
18651 7
18697 4
18777 1
19391 2
19571 17
19733 16
19873 8
19942 12
20025 4
20577 6
20597 18
21003 5
21153 16
21222 7
21691 0
21708 2
21886 3
22351 4
22442 9
22519 8
22917 12
23039 10
23456 12
24089 18
24753 6
24833 3
25261 15
25405 2
25498 18
25821 19
26464 13
26577 4
26584 4
27107 2
27116 9
27207 17
27630 17
27688 9
27885 2
28273 5
28438 9
28544 13
28995 11
29051 5
29238 16
29506 6
29549 18
30059 16
30123 14
30274 12
30630 19
30662 7
30799 6
31393 5
31510 9
31658 10
31976 19
32074 12
32274 18
32599 2
32610 13
32698 18
33025 14
33153 16
33263 19
33706 19
34333 18
34391 16
34521 9
34883 1
35036 0
35080 6
35439 7
35558 9
35611 1
36043 11
36050 12
36172 4
36752 8
36947 13
36947 4
37240 19
37386 18
37838 19
37940 1
38019 15
38507 6
38517 0
38621 14
39126 7
39126 13
39320 2
39611 19
39629 12
39711 18
40281 12
40410 2
40610 2
40911 10
41061 3
41131 14
41528 2
41702 6
41722 9
42039 14
42220 0
42297 13
42606 4
42778 13
42944 17
43365 10
43526 3
43823 2
43878 12
43909 0
44516 7
44690 15
44799 14
45160 4
45717 15
45892 18
46380 0
46500 8
46568 5
46895 11
47446 5
47585 3
47751 2
48195 9
48345 17
48519 9
48713 8
48895 6
48994 9
49396 0
49551 13
49896 15
50016 16
50187 12
50452 8
50559 1
50663 19
51028 9
51030 8
51113 13
51621 2
52238 9
52273 10
52280 2
52818 0
52950 0
53058 4
53599 8
53712 12
54073 6
54217 6
54381 9
54699 5
54707 5
54749 2
55365 7
55436 8
55508 19
55859 14
55992 13
56179 13
56592 2
56727 14
56793 1
57017 10
57073 4
57095 13
57627 1
57820 5
57968 15
58298 11
58386 13
58478 16
58962 18
59118 4
59191 6
59491 18
59664 16
59689 9
60046 16
60217 6
60220 4
60624 8
60710 6
61371 18
61548 6
61728 17
61808 0
61831 15
62497 13
62572 10
62734 18
63052 7
63069 15
63254 3
63776 1
63958 18
64278 5
64882 10
64913 19
65003 17
65510 8
65604 17
65661 9
66009 16
66646 9
67225 19
67229 10
67253 1
67981 15
68161 5
68167 3
68506 8
68517 4
68665 19
69145 2
69332 12
69434 0
69627 19
69674 4
69845 16
70313 0
70454 8
70520 8
70801 16
71426 4
71596 0
72044 19
72211 19
72409 11
72681 19
72839 8
73375 9
73557 11
73601 12
73822 8
73848 16
73949 16
74503 16
75095 8
75096 9
75105 17
75705 16
75896 9
75972 0
76321 9
76881 7
76940 8
76998 11
77419 16
77553 6
77613 19
78178 9
78283 3
78419 2
78647 7
79279 1
79381 2
79455 1
79964 13
80008 10
80144 3
80446 14
80626 1
80772 16
81067 19
81196 1
81376 19
81681 0
81730 3
81810 8
82398 6
82481 0
82670 9
82995 16
83068 6
83252 7
83458 5
83600 7
84169 8
84176 6
84354 6
84797 1
84829 8
85009 8
85309 10
85354 5
85495 2
85811 19
85972 14
86003 6
86491 19
86636 10
87104 13
87138 9
87227 17
87795 11
87880 19
88045 10
88212 5
88389 18
88801 14
88963 9
89496 14
89678 14
89846 8
90144 14
90253 13
90409 4
90605 1
90738 2
90806 6
91344 8
91827 4
91939 0
92014 3
92486 10
92579 6
93166 0
93259 15
93611 8
93742 12
93838 12
94380 4
94436 19
94587 6
94980 11
95101 13
95282 12
95506 18
95625 0
95725 15
96070 18
96235 9
96270 15
96635 12
96686 9
96729 0
97393 5
97467 3
97568 18
97962 19
98041 7
98556 7
98695 3
98815 18
99117 12
99128 7
99287 5
99616 6
99804 1
99987 9
100290 16
100915 2
100987 4
101187 10
101443 3
102028 10
102219 11
102324 12
102787 16
102876 19
102913 6
103280 14
103440 19
103630 0
103848 15
104021 1
104158 2
104492 9
104583 4
105061 14
105131 14
105176 9
105628 18
105751 15
105842 9
106255 10
106311 18
106449 7
106864 0
107485 14
107490 18
107593 1
108183 4
108278 11
108358 16
108733 8
108736 5
108815 5
109305 9
109365 14
109559 8
109993 10
110175 16
110267 6
110470 14
110489 13
110646 9
111000 3
111155 9
111338 2
111667 3
111685 5
111807 3
112325 10
112518 13
112681 16
112845 4
113562 5
113730 11
113817 13
114179 11
114335 8
114380 16
114719 17
115255 7
115261 4
115455 13
115887 7
115920 2
116035 13
116429 4
116569 2
116687 13
117120 4
117695 5
118365 17
118426 15
118446 7
118990 19
119138 15
119328 9
119432 13
120128 6
120200 19
120202 2
120602 0
120701 19
120836 9
121390 14
121424 14
121593 2
121858 2
121875 17
122059 0
122516 2
122598 8
122767 8
123073 1
123725 5
123829 6
123989 3
124294 12
124867 7
124969 1
125021 5
125428 11
125543 10
126078 11
126241 0
126264 3
126683 2
126820 0
126834 13
127230 0
127356 5
127445 0
127853 10
128014 12
128062 9
128560 4
129112 15
129661 19
129826 3
129976 8
130240 2
130255 14
130312 8
130872 8
131027 12
131196 7
131421 19
132139 0
132680 13
132880 16
133034 15
133372 8
133447 15
133489 11
133930 13
134077 11
134265 8
134561 18
135122 8
135712 5
136210 2
136272 17
136448 1
136882 14
137037 5
137045 15
137590 18
137687 18
137843 11
138011 15
138610 8
138742 11
138800 13
139221 10
139419 2
139442 18
139804 5
139880 1
139944 18
140415 8
140477 14
140480 1
141058 0
141180 5
141306 8
141650 4
141800 14
141960 17
142287 7
142388 11
142558 18
142843 7
143540 4
143614 10
143716 18
144167 13
144325 15
144515 15
144617 17
145323 19
145846 14
145962 13
146030 6
146456 4
146475 2
146610 15
147146 3
147294 0
147361 4
147670 19
147735 2
147787 1
148337 14
148456 16
148900 2
149031 4
149124 12
149465 4
149570 12
149628 11
150114 8
150783 19
150790 5
150938 8
151318 19
151374 5
151511 13
151940 13
152005 10
152156 19
152564 16
152737 3
153050 14
153225 9
153288 1
153777 10
153951 13
154087 6
154354 4
154414 13
154943 16
154988 11
155183 2
155506 4
155651 5
155758 19
156052 13
156123 12
156662 15
156711 7
156854 4
157267 17
157443 2
157810 13
157908 17
158022 2
158447 9
158641 18
158665 4
159017 4
159605 11
159711 8
159807 12
160355 6
160929 0
161125 19
161176 17
161400 3
161595 2
161640 3
162195 9
162276 17
162392 17
162603 3
162689 10
163334 8
163412 7
163804 3
163905 11
163971 0
164487 9
164654 2
164795 5
165092 16
165192 5
165218 6
165605 3
165677 8
166375 19
166488 2
166602 3
166922 9
166976 14
167151 10
167438 7
167635 14
167686 8
168146 2
168294 19
168364 6
168711 17
168713 14
169365 17
169895 18
169952 9
169998 6
170592 3
170778 9
171010 8
171715 9
172379 3
172489 9
172686 8
172874 4
173040 13
173424 18
173509 0
173698 5
174198 11
174383 7
174528 17
174630 0
174787 2
174929 9
175375 6
175823 14
175880 6
175932 14
176516 2
176682 7
176818 19
177027 10
177186 6
177636 2
178317 2
178390 17
178421 6
178928 9
179119 3
179573 12
179577 4
180144 18
180602 9
180788 2
180893 14
181349 17
181362 13
181525 18
181844 4
181932 6
181956 4
182583 8
183147 17
183175 2
183664 12
184400 2
184978 0
185094 14
185483 19
185583 5
185712 17
186068 13
186658 3
187296 17
187316 12
187405 17
187865 9
187916 6
187949 5
188515 10
188616 13
188662 13
189138 14
189306 11
189439 7
189730 13
189900 11
190353 11
190469 10
190577 6
190936 15
191013 3
191142 2
191409 0
192042 0
192091 6
192268 5
192690 1
192825 14
193380 17
193445 18
193970 15
194089 6
194502 4
194664 18
195127 15
195682 2
195868 9
196252 8
196408 3
196501 2
196835 10
196868 13
196898 6
197455 3
197632 4
198095 17
198619 4
198804 13
199283 6
199849 12
200018 10
200079 4
200528 8
200571 8
200611 2
201146 5
201149 14
201233 18
201720 2
201839 12
202304 3
202306 9
202381 13
202846 3
203589 2
204184 16
204717 7
205292 13
205293 5
205346 14
205846 1
205857 16
206564 1
206703 13
207191 13
207789 18
207923 11
208245 6
208321 7
208347 7
208851 2
209542 12
210115 8
210288 3
210600 12
211294 4
211470 14
211618 7
211807 3
211851 18
211915 10
212458 18
212558 8
212746 9
213115 11
213137 4
213296 8
213716 10
213809 2
214376 0
214477 12
214509 19
214929 5
214985 19
215042 12
215581 1
215772 3
215859 8
216197 6
216221 19
216228 9
216764 13
216948 7
217239 6
217353 4
217996 8
218573 17
218623 8
218746 8
219121 11
219784 11
219977 8
219977 0
220374 5
220574 19
220893 12
221434 12
221499 19
221552 6
222014 15
222701 3
223261 5
223321 9
223475 18
223854 7
223948 14
224133 1
224410 17
224454 5
224581 12
225091 1
225612 8
225728 11
225827 11
226263 17
226321 19
226381 12
226933 16
226998 17
227534 0
227721 9
227826 14
228068 2
228660 16
229397 2
229998 5
230055 7
230090 13
230513 11
230627 0
230809 0
231116 10
231162 7
231176 1
231667 10
232344 16
232355 5
232375 5
232974 14
233139 12
233260 8
233466 2
233567 2
233611 4
234139 3
234739 11
235326 11
235423 5
235429 9
235947 16
236119 4
236215 12
236506 11
236552 4
236670 18
237164 10
237306 4
237409 19
237695 15
237876 13
237902 2
238276 18
238392 13
238931 5
239061 12
239212 5
239598 10
239733 15
239803 13
240025 14
240048 4
240178 14
240628 11
240755 17
240817 14
241319 5
241351 5
241456 5
241831 8
241839 2
241841 14
242565 2
242716 18
242819 17
243094 19
243149 11
243264 13
243621 9
243730 7
243878 3
244374 2
244519 6
244680 15
244869 6
244976 1
245063 1
245445 3
245623 6
245710 6
246040 13
246120 4
246211 17
246663 17
246802 8
247313 13
247800 18
248578 6
248631 17
248770 8
249051 9
249100 13
249182 8
249753 10
249859 15
250387 3
250446 6
250536 3
250983 8
251035 5
251061 3
251524 3
251589 11
252147 5
252249 13
252363 2
252785 16
252873 5
253017 19
253225 9
253276 5
253371 5
253877 10
254070 16
254225 15
254550 3
254634 15
254721 16
255154 11
255284 4
255350 2
255672 17
255751 19
255789 5
256370 4
256388 0
256572 18
256996 5
257012 5
257166 11
257418 18
257442 9
258200 9
258366 19
258393 14
258706 5
258810 18
258834 0
259280 2
259835 8
259973 0
260006 10
260589 19
260720 19
260814 3
261100 15
261273 5
261458 5
261739 13
261848 17
261921 2
262375 6
262463 15
262927 5
262981 19
263159 10
263569 16
264170 0
264335 3
264359 1
264722 0
264812 2
264886 1
265270 13
265998 9
266409 16
266465 4
266591 12
267097 1
267206 7
267356 12
267757 6
267913 1
268039 14
268348 15
268511 6
268563 1
268932 12
269462 10
269595 14
269647 18
270121 19
270144 10
270148 18
270610 5
270665 12
270691 1
271243 1
271333 9
271422 2
271800 3
271959 2
272013 7
272473 18
273120 13
273736 7
273931 5
274296 5
274396 12
274485 17
274981 15
275116 4
275211 4
275509 3
275645 19
275648 18
276100 5
276249 0
276391 7
276621 0
277214 15
277275 1
277470 6
277868 10
278061 8
278224 18
278526 2
279013 6
279138 16
279245 14
279634 16
279765 1
279959 15
280245 0
280403 3
280432 3
280991 13
281093 2
281476 8
281663 2
281795 3
282181 13
282278 13
282291 3
282706 9
282816 19
282834 18
283340 11
283417 3
283921 11
284051 2
284082 17
284531 2
284660 11
285129 18
285315 12
285604 3
286282 13
286403 16
286582 6
286817 13
286924 12
287032 12
287440 15
287544 2
287694 1
288066 4
288101 2
288655 14
288799 12
289318 12
289515 16
289632 3
289914 9
290078 0
290177 0
290541 7
290613 15
290681 2
291079 0
291233 12
291316 2
291713 8
292203 1
292318 3
292329 17
292935 13
292999 6
293138 15
293516 13
293707 12
293811 0
294077 4
294273 16
294729 15
294807 6
294935 3
295296 13
295888 8
295975 6
296171 17
296429 13
296588 5
296621 13
297064 11
297682 9
297725 1
297838 18
298243 14
298335 4
298483 4
298911 1
299599 4
299650 15
299656 0
300131 3
300290 7
300333 7
300684 15
301341 18
301509 4
301561 5
301843 14
302496 12
303168 3
303315 8
303489 12
303673 17
303867 5
303993 5
304353 18
304493 13
304807 12
304976 3
305110 11
305584 8
306077 19
306261 6
306724 6
306797 0
306874 18
307325 6
307328 9
307357 0
307891 16
307929 3
308536 18
308633 11
308829 18
309081 7
309197 10
309270 7
309636 4
309743 7
309791 15
310218 13
310385 5
310545 0
310833 6
311596 16
311795 3
311894 15
312058 9
312708 16
312847 1
313224 15
313302 17
313869 11
314456 14
314574 2
314721 15
315143 14
315301 16
315476 8
315699 10
315769 1
315779 7
316208 14
316255 3
316370 2
316990 13
317006 13
317010 17
317409 1
317589 4
317743 12
318041 7
318231 16
318283 7
318761 4
319248 11
319368 11
319490 19
319913 8
319939 10
320044 8
320571 5
321155 7
321695 15
321810 14
321861 11
322384 11
322554 3
322735 13
322803 5
322867 12
322977 12
323493 2
323686 18
323870 13
324155 5
324348 5
324485 10
324744 16
324750 15
324844 4
325210 16
325880 17
326053 17
326072 11
326514 5
326625 5
326798 17
327111 13
327672 7
327758 9
327812 19
328292 18
328845 9
328883 0
329028 15
329534 4
329599 5
329647 9
330096 9
330278 8
330405 5
330682 5
330704 17
330760 1
331334 2
331490 10
331914 18
332534 5
333142 18
333225 9
333280 17
333667 9
333841 14
333868 2
334293 7
334422 0
334519 6
334916 5
335004 8
335151 14
335403 18
335523 17
336055 12
336162 13
336241 4
336790 6
336984 6
337047 5
337236 18
337323 18
337380 9
337968 7
338049 17
338179 8
338469 8
338631 19
339142 3
339252 5
339254 11
339758 0
339838 11
339869 5
340299 5
340336 19
340383 13
340801 3
340867 11
340914 4
341588 19
342066 2
342107 1
342207 8
342626 17
343211 0
343959 10
344010 18
344150 16
344440 7
344484 10
344639 5
345031 11
345224 9
345255 1
345758 3
346361 1
346471 16
346615 8
346826 9
346904 11
346920 9
347489 13
347544 16
348103 17
348652 8
348779 17
348851 4
349280 14
349374 6
349912 12
350590 6
350613 10
351121 17
351291 0
351776 1
351782 13
351978 5
352211 19
352409 18
352847 5
353036 18
353196 2
353526 4
353574 0
354194 7
354218 2
354280 18
354761 2
354770 5
354867 3
355380 10
355414 9
355486 7
355843 7
355848 9
355983 18
356583 0
356759 15
357013 0
357191 0
357250 17
357776 16
357918 12
358081 12
358381 11
358407 2
358564 1
358940 4
359104 0
359148 0
359506 19
359614 16
359750 19
360131 19
360215 3
360667 0
360786 13
361247 11
361316 18
361920 9
362561 6
363068 13
363777 10
363959 16
364104 9
364344 0
364530 0
364685 5
364934 2
365593 0
365748 2
365947 14
366105 8
366135 5
366186 8
366710 19
366896 14
367021 1
367237 6
367349 11
367544 3
367837 13
367940 16
368545 1
368689 11
369047 0
369147 5
369774 5
369900 10
369927 19
370317 18
370926 2
370998 11
371187 16
371431 4
371518 14
372087 11
372640 8
372665 7
372841 17
373242 18
373870 7
374403 9
374522 7
374618 16
375054 6
375767 9
376317 16
376387 8
376436 1
376966 19
377520 6
377543 11
377678 1
378163 1
378222 18
378393 11
378649 4
379280 10
379280 17
379317 5
379922 9
380013 17
380053 19
380428 10
380547 3
380572 4
381154 15
381210 15
381790 15
381909 19
381951 19
382296 3
382442 12
382560 12
382922 2
382967 8
383153 0
383433 15
383591 1
383669 4
384133 6
384269 4
384401 14
384652 6
384699 2
384818 11
385388 11
385466 0
385967 11
386120 8
386296 5
386549 16
386601 19
386788 2
387100 3
387236 8
387791 17
388282 11
388377 10
388488 8
388895 7
389008 1
389122 9
389563 13
389579 14
389626 13
390197 11
390276 2
390706 6
391282 14
391413 4
391518 6
391931 7
392054 13
392179 0
392557 0
392628 6
393196 3
393712 4
393900 7
393955 4
394307 14
394370 8
394415 6
394990 2
395008 6
395064 17
395578 6
395586 6
395767 12
396011 0
396063 6
396700 8
396880 7
396933 12
397383 2
397576 16
397979 7
398055 19
398584 11
398668 18
399115 10
399236 5
399277 17
399646 0
400384 18
400472 13
400921 9
401000 2
401094 18
401440 16
402085 11
402660 13
402815 16
402876 16
403222 18
403326 11
403936 9
404083 16
404087 9
404433 0
404629 3
404763 4
405027 11
405150 2
405208 3
405775 18
405962 3
406147 0
406274 2
406461 16
406852 11
406998 10
407159 15
407545 3
407573 11
407730 9
408094 17
408671 4
408756 10
408889 9
409306 10
409362 7
409408 2
409907 2
410060 2
410227 15
410494 16
410519 0
410671 4
411017 12
411097 17
411236 19
411750 13
411942 0
412118 0
412356 8
412451 7
412820 4
413007 8
413182 0
413548 0
413646 19
413774 5
414047 10
414193 12
414307 0
414687 14
414738 11
414804 2
415346 16
415480 8
415669 17
415903 17
416523 7
417128 12
417305 4
417451 4
417746 4
417880 16
418030 16
418204 16
418210 7
418357 3
418872 11
418989 19
419437 13
419592 9
419721 17
420144 16
420146 9
420228 1
420618 1
420786 8
420919 10
421338 11
421404 1
421454 16
421858 13
422519 4
422604 18
422684 13
423133 3
423314 17
423492 5
423626 1
423681 11
424392 16
424476 0
424507 5
424825 14
424828 17
425534 0
425584 18
426200 2
426372 2
426431 18
426729 14
427293 4
427321 6
427846 10
428459 19
429097 12
429180 17
429758 13
430302 17
430384 9
430914 1
431092 11
431120 5
431488 4
431577 14
432193 16
432791 5
432863 10
432899 15
433207 5
433250 14
433329 15
433823 19
434566 13
434677 16
435180 11
435323 18
435791 8
435957 16
436068 8
436400 19
436553 8
436681 10
436935 18
437066 6
437143 5
437552 6
438092 3
438199 11
438776 0
438887 18
439251 19
439820 1
439868 12
439975 19
440580 2
440698 9
440873 14
441057 3
441252 17
441431 13
441673 0
441838 10
441982 17
442260 16
442282 13
442403 0
442884 13
442983 7
443570 18
443764 16
443836 15
444139 5
444200 18
444296 12
444712 14
445230 7
445814 14
445992 15
446071 0
446430 10
446437 16
446577 3
447039 10
447673 5
447733 16
447744 7
448340 15
448403 17
448477 1
448863 7
448965 18
449157 8
449529 3
449651 0
449655 3
450152 8
450245 8
450323 3
450628 16
450751 4
450827 18
451326 18
451514 0
451553 9
451844 7
451943 0
452079 10
452479 18
452615 14
452695 2
453002 5
453014 9
453101 3
453605 12
453772 9
453950 2
454219 6
454365 19
454510 1
454892 9
455501 10
455680 15
455708 6
456117 2
456239 5
456410 5
456782 3
456783 7
456960 15
457390 12
457403 4
457516 12
457949 16
458065 18
458262 14
458498 0
458623 12
458702 11
459151 9
459253 2
459344 19
459755 11
460380 3
460462 14
460516 6
460871 19
460976 16
461042 15
461466 17
461560 17
461595 7
462141 4
462325 14
462384 0
462736 0
462892 8
463331 0
463489 15
463685 9
463948 9
464050 9
464163 2
464443 3
464507 11
464673 12
465177 9
465334 18
465480 1
465739 8
465881 15
465946 1
466387 7
466866 12
466987 15
467145 9
467486 3
467553 3
467705 7
468089 9
468171 3
468200 8
468800 14
469234 0
469958 7
470135 13
470432 8
470565 6
471185 0
471383 10
471401 16
471763 6
471766 14
471813 3
472398 3
472469 13
472485 3
472908 19
473086 4
473511 4
474154 3
474313 1
474383 4
474779 18
474952 15
475031 11
475249 14
475388 7
475502 17
475907 17
476044 17
476085 4
476545 19
476719 5
477053 4
477160 10
477288 11
477728 11
477812 0
478274 4
478412 17
478453 13
478837 15
478902 13
479038 3
479550 19
479748 18
480030 10
480031 3
480231 7
480657 9
480825 11
480995 14
481276 3
481422 3
481587 16
481927 5
482444 17
482457 9
483134 4
483234 5
483295 7
483732 8
483752 7
483842 18
484371 11
484810 1
485008 18
485509 10
485620 5
485678 10
486103 6
486203 2
486623 7
486800 9
486943 14
487333 12
487532 1
487608 9
487946 3
488109 19
488306 18
488445 16
488507 12
488517 18
489001 15
489143 19
489209 9
489739 18
489891 1
489984 8
490373 5
490516 13
490551 17
490840 13
491030 13
491491 9
491688 1
491851 15
492092 17
492193 15
492289 13
492785 14
492935 12
493003 12
493243 5
493386 4
493856 19
493902 18
493922 11
494542 0
494629 15
495194 3
495202 14
495740 10
495927 18
496389 11
496493 1
496923 0
497545 10
497619 15
497729 13
498079 9
498095 1
498232 17
498646 12
498648 5
498668 0
499213 1
499412 3
499426 12
499894 3
500557 19
501009 3
501015 12
501182 3
501608 13
501649 14
501720 7
502245 11
502256 14
502379 18
502906 5
503081 5
503109 0
503478 1
503599 16
503725 3
504072 19
504148 18
504284 6
504700 13
504843 15
504846 9
505257 12
505801 0
505903 14
505974 6
506544 9
507158 7
507301 13
507437 0
507793 16
508273 12
508417 13
508983 10
509008 8
509410 0
510013 14
510030 1
510043 5
510763 14
510905 6
511009 4
511307 1
511438 7
511559 2
511863 3
511926 5
512005 15
512548 13
512630 15
512724 0
513019 17
513084 1
513149 5
513634 0
514340 15
514406 7
514873 1
514954 15
515017 1
515505 3
515674 7
515816 19
516068 9
516182 10
516200 17
516741 19
516790 10
517317 3
517399 0
517516 14
517908 6
518094 19
518282 7
518528 5
518545 13
518709 11
519058 13
519089 15
519251 9
519614 4
519621 6
520392 13
520493 1
520686 15
520901 6
520986 16
521065 6
521549 15
521559 1
521742 17
522060 5
522060 2
522166 0
522734 14
522741 5
522819 3
523362 2
523554 11
523869 0
523885 15
524045 17
524417 13
524555 3
524558 16
525026 1
525100 13
525610 9
525697 17
525883 4
526287 5
526296 15
526864 8
527444 13
527532 0
527592 8
528013 17
528183 18
528336 12
528659 3
528700 17
528830 7
529324 0
529409 12
529600 1
529935 2
530022 12
530187 17
530473 11
530473 8
530648 9
531133 13
531251 12
531447 19
531744 16
531772 7
531938 3
532221 0
532963 13
533029 6
533090 3
533563 17
533631 15
534017 7
534077 12
534259 11
534649 3
534670 2
535394 10
535541 1
535635 2
535809 13
535864 0
536018 15
536522 13
536655 10
536761 5
537112 13
537152 18
537323 14
537634 8
537687 1
537864 16
538231 3
538293 14
538323 1
538872 12
539031 8
539135 3
539477 18
539523 6
539722 16
540056 11
540148 16
540241 9
540772 14
540795 13
540877 18
541201 16
541218 10
541945 7
542028 10
542522 2
542564 18
542722 10
543082 17
543105 4
543121 11
543765 8
543935 7
544394 18
544587 19
544758 9
544880 18
544928 12
544999 15
545483 15
545668 2
546049 13
546163 18
546278 17
546668 19
546867 7
547218 6
547286 16
547379 15
547881 14
548030 4
548081 12
548448 4
549096 10
549191 3
549345 19
549647 13
549725 0
549814 14
550259 5
550336 7
550356 14
550959 7
550986 12
550998 17
551432 13
552161 4
552606 17
552696 5
552698 14
553301 9
553363 9
553491 19
553876 3
553988 16
554072 2
554593 9
554705 19
554761 5
555014 10
555051 19
555754 17
555859 5
555996 18
556346 13
556802 15
556870 0
556962 18
557485 14
557551 16
558047 8
558733 17
559203 10
559392 5
559914 13
560058 6
560450 6
560585 11
560586 13
561151 8
561230 5
561428 15
561754 8
561815 16
561845 4
562295 16
562457 4
562495 15
562815 5
562955 2
563407 7
563523 6
563602 12
564120 12
564255 14
564345 8
564626 14
564626 10
564671 16
565396 15
565398 17
566000 6
566160 13
566196 17
566563 17
567117 1
567271 7
567378 14
567712 16
567737 5
567894 18
568319 19
568372 15
568386 4
568964 8
569559 2
569618 11
569672 2
570049 9
570636 17
570829 4
570855 14
571306 6
571506 15
571541 5
571839 6
571918 0
572594 3
572709 2
572826 14
573187 3
573226 18
573406 19
573610 6
573695 16
574287 12
574326 18
574844 12
575001 7
575108 11
575581 14
575620 1
575739 17
576200 6
576276 4
576430 6
576711 3
576746 14
576837 8
577352 3
577418 1
577839 16
577857 1
578023 10
578457 6
578581 2
578690 8
579154 10
579346 18
579376 2
579715 8
579871 5
580053 7
580392 1
580424 11
580804 7
580853 1
581016 19
581554 2
581698 19
582059 14
582176 11
582231 9
582727 2
583200 0
583232 19
583388 0
583903 19
584521 9
585011 4
585139 12
585294 13
585781 0
585865 18
585902 8
586307 19
586455 12
586826 15
586912 18
587040 14
587502 8
587514 15
588089 5
588270 19
588406 18
588747 10
588841 1
589385 5
589558 19
589605 16
589910 10
589950 7
589994 15
590403 18
590423 19
590574 18
591082 11
591134 16
591137 3
591710 11
591776 0
591868 1
592325 10
592371 6
592457 4
592967 19
593026 8
593091 5
593504 15
593555 4
594000 7
594176 1
594183 1
594645 9
594773 3
595289 3
595472 10
595561 13
595996 6
596479 12
596541 16
596547 9
597045 6
597750 15
597859 16
597945 10
598337 5
598429 0
598549 15
598890 6
599044 13
599571 15
599621 4
599652 1
600054 13
600107 9
600721 11
600861 10
601359 17
601376 12
601515 15
601858 10
601862 16
602561 7
602565 9
602738 0
603194 8
603241 8
603242 10
603673 4
603728 9
603869 8
604248 17
604435 19
604525 3
604933 19
605112 2
605174 1
605450 19
605648 1
605775 5
606056 3
606642 4
607248 14
607262 17
607395 4
607821 5
608579 2
608669 19
609152 16
609332 16
609395 0
609789 1
609844 16
609900 7
610364 2
610926 0
611457 1
612128 1
612262 14
612415 15
612787 1
612819 14
612902 8
613248 18
613263 3
613852 2
613932 15
614100 0
614589 5
615164 1
615248 5
615614 6
615706 18
615801 12
616355 17
616468 5
616610 16
616940 19
616999 10
617039 4
617505 16
617673 11
618175 18
618287 19
618650 0
619251 7
619379 15
619477 4
619803 1
620558 10
621061 17
621608 12
621662 3
621782 19
622367 19
622537 0
622663 3
622955 1
623153 4
623217 16
623578 15
623717 0
623724 15
624157 10
624331 4
624445 16
624762 1
625270 18
625829 17
625872 13
625973 13
626472 17
626583 18
626748 9
627189 2
627609 4
627803 0
627920 6
628229 14
628374 0
628545 16
628892 9
629077 18
629180 3
629541 7
629718 13
629777 2
630119 17
630708 14
630853 10
630940 9
631308 15
631333 4
631499 4
631888 19
632595 1
632716 12
632858 3
633080 15
633244 15
633311 6
633678 10
633772 18
633773 19
634276 1
634386 0
634510 5
634823 16
634979 18
635119 11
635444 3
636082 7
636219 3
636395 17
636674 14
637241 9
637293 10
637990 2
638177 19
638547 12
638654 12
638806 9
639187 12
639703 13
639853 17
640003 6
640229 17
640422 12
640851 9
640953 5
641004 14
641428 14
641597 18
642170 12
642275 15
642344 4
642696 7
642817 17
642885 7
643344 19
643397 10
643545 6
643862 7
644500 3
644604 7
644694 18
645023 11
645175 17
645650 3
645750 0
646238 19
646308 17
646470 5
646832 4
646966 1
647099 18
647428 7
648092 3
648764 18
648922 10
649115 19
649236 17
649236 7
649340 4
649859 6
650006 8
650031 14
650478 1
650576 7
650611 4
651198 9
651208 8
651303 8
651714 8
651745 0
652200 17
652238 16
652378 14
652893 19
653498 18
653545 15
653673 19
654099 17
654187 19
654656 7
654683 3
654695 8
655380 11
655420 6
655616 15
655899 19
655933 19
656592 11
656627 3
656643 1
657199 4
657636 18
657809 10
657919 7
658283 12
658418 11
658515 10
658916 15
659031 0
659538 5
660064 10
660122 7
660765 10
660965 18
661053 6
661304 0
661406 1
661566 12
661833 8
661902 0
661926 15
662573 13
662755 7
662891 2
663181 14
663331 5
663348 11
663696 1
663887 12
664047 15
664213 3
664244 14
664878 0
665072 13
665503 13
665549 15
665682 2
666062 15
666065 14
666155 14
666646 7
666663 16
666837 1
667310 17
667509 17
667608 7
667984 17
668087 3
668524 8
668649 6
668840 15
669140 16
669173 6
669678 4
670328 1
670467 19
670566 18
670807 10
671444 8
671535 15
671730 14
672063 6
672131 19
672216 7
672646 3
672805 4
673224 15
673287 9
673962 19
674104 7
674249 10
674456 16
675182 12
675356 6
675499 15
675671 2
675773 17
675850 0
676315 8
676457 0
676631 2
676987 8
677012 2
677166 2
677566 12
678011 19
678775 19
679400 10
679467 10
679612 1
679888 2
680035 13
680190 13
680412 7
680425 16
680519 7
681149 16
681204 10
681298 19
681760 11
681855 9
681936 5
682221 13
682378 3
682527 15
682866 14
683033 5
683156 15
683423 17
684171 2
684317 7
684374 3
684632 8
685388 18
685982 17
686043 9
686491 9
686688 14
686831 12
687123 7
687165 15
687211 6
687778 9
687811 8
687922 1
688367 16
688515 2
688956 9
689091 5
689161 0
689420 6
689455 1
689603 8
690034 16
690093 13
690145 11
690692 8
690707 15
690829 2
691357 12
691391 19
691394 16
691828 9
692506 15
693110 13
693616 13
694207 17
694329 18
694448 4
694907 17
695088 7
695183 12
695572 5
695631 12
695727 7
696075 10
696178 14
696331 4
696790 16
696800 2
697000 9
697386 17
697874 5
698413 16
699071 0
699224 18
699704 6
700301 14
700484 0
700531 0
700872 1
701069 13
701084 18
701537 15
701635 10
701746 9
702111 18
702172 18
702650 11
703233 5
703917 3
704033 14
704133 1
704422 10
704582 10
705190 8
705371 4
705692 8
705793 18
705866 11
706222 1
706258 5
706993 0
707184 14
707374 1
707451 2
707581 12
707630 12
708016 7
708721 10
709371 14
709944 3
710508 12
711112 17
711269 1
711359 15
711662 2
712395 2
712515 13
712610 11
712972 4
713001 6
713416 2
713496 1
713563 16
714085 12
714178 8
714240 19
714796 6
714984 16
715381 18
715411 3
715448 15
715890 4
716041 18
716181 15
716465 4
716584 17
716690 0
717047 17
717243 2
717368 0
717749 6
717899 13
718311 9
718449 6
718507 0
718840 15
718902 14
719011 2
719552 12
720162 9
720206 11
720252 8
720704 3
720792 8
720808 10
721348 9
721526 13
721942 0
722137 14
722450 7
722515 7
723075 1
723163 10
723265 0
723627 6
723810 6
723823 18
724362 10
724466 3
724507 1
724900 8
725452 3
725610 12
725672 2
726163 3
726307 19
726444 9
726713 17
726871 6
727028 15
727255 11
727844 8
727958 4
728067 17
728501 17
728501 9
728572 19
729135 9
729264 19
729309 6
729775 10
729904 16
729919 6
730245 11
730377 3
730419 10
730883 19
731043 5
731242 7
731402 2
732047 7
732237 5
732318 11
732710 12
732898 10
732901 16
733271 17
733443 7
733592 15
733924 19
734078 6
734251 13
734403 12
735047 8
735231 4
735380 17
735659 14
735679 17
735733 15
736246 8
736276 1
736369 10
736957 19
737133 16
737245 19
737509 4
738048 3
738617 14
738779 4
739379 10
739987 7
740025 13
740219 8
740424 17
740490 5
740681 1
741011 16
741177 10
741236 19
741714 13
741848 6
741848 17
742228 6
742229 12
742421 0
742961 8
743462 13
743614 3
743813 14
744109 10
744296 17
744405 1
744727 3
744848 18
744865 19
745262 6
745325 9
745501 9
745925 8
746501 11
746548 19
746647 0
747092 0
747122 8
747137 1
747691 14
748221 7
748332 2
748448 3
748982 13
749008 9
749206 18
749418 2
750144 5
750179 4
750372 2
750702 10
751345 17
751830 12
751952 18
751989 16
752590 13
753165 17
753199 11
753223 19
753798 7
753803 19
753969 11
754294 2
754444 9
754468 15
754973 12
755163 9
755316 2
755535 8
755735 18
755922 13
756133 19
756170 19
756764 8
756830 13
756947 2
757312 18
757376 19
757407 2
757909 18
757984 4
758415 9
758549 18
758572 7
759169 9
759681 3
759834 19
759882 4
760378 5
760443 14
760941 19
761128 11
761215 11
761600 5
761720 3
761736 7
762018 2
762193 5
762789 9
762793 10
762810 5
763249 13
763322 14
763324 7
763997 1
764182 12
764266 6
764491 8
765163 6
765775 16
765783 7
765926 17
766344 18
766383 7
766404 12
766983 13
767524 4
767580 17
767589 6
768127 5
768730 15
769216 12
769320 1
769399 12
769988 1
770418 8
771149 8
771208 6
771397 4
771659 1
771756 16
771892 5
772383 6
772538 2
772540 2
773000 11
773010 0
773099 17
773559 12
773600 9
773647 2
774148 10
774179 2
774229 12
774767 18
774862 14
775393 17
775996 19
776022 17
776523 15
776574 18
776581 19
777145 11
777622 4
777630 2
777645 4
778282 5
778312 5
778932 13
778932 13
779062 8
779499 9
779649 2
779680 10
780181 7
780245 2
780255 8
780608 8
780774 1
781254 0
781405 3
781465 11
781950 2
782098 11
782165 19
782563 14
782645 1
782828 2
783086 5
783723 13
784281 12
784403 2
784522 2
784949 1
785124 15
785202 15
785499 5
785518 11
785591 7
786051 12
786107 16
786124 6
786770 7
786905 0
787282 13
787292 19
787413 19
787927 12
788533 18
788580 5
788613 12
789096 18
789103 12
789675 6
789783 14
789889 4
790325 0
790841 4
790871 18
790994 7
791455 1
791617 16
791807 6
792188 1
792272 11
792455 18
792708 13
793371 7
793457 10
793564 6
793816 17
794570 17
794700 15
794847 10
795029 9
795220 14
795283 13
795729 6
795915 10
795979 17
796388 11
796928 15
797113 2
797116 4
797543 18
797557 14
797592 2
798057 8
798083 0
798757 17
798837 15
799290 13
799987 14
800073 12
800132 4
800415 18
800537 17
800667 13
801059 12
801182 10
801366 7
801658 11
801811 12
801917 9
802245 0
802264 16
802409 4
802928 16
803127 11
803259 15
803578 16
803620 1
803684 9
804109 15
804749 17
804900 0
805079 1
805354 15
805540 7
805623 3
805828 19
806488 9
806544 18
806685 10
807101 6
807245 9
807726 11
807866 17
807923 7
808346 17
808474 4
808512 4
808959 9
809095 5
809241 9
809402 1
809510 0
810137 3
810279 13
810450 13
810601 9
810651 18
810734 14
811299 8
811344 19
811899 8
811956 1
811957 10
812492 10
812566 14
812615 13
813057 16
813770 11
813807 3
813852 6
814304 15
814924 16
815059 6
815145 8
815569 12
815590 11
815610 11
816081 9
816274 3
816356 14
816746 0
816772 1
816931 18
817319 1
817336 5
817347 14
817872 14
818408 18
818431 10
818618 11
819084 2
819255 18
819763 9
819875 17
820013 5
820301 5
820945 1
820976 7
821118 16
821548 18
821616 13
822008 17
822023 3
822176 18
822675 3
822856 9
823385 5
823409 6
823492 4
823950 13
824493 3
824638 6
824726 18
825152 8
825306 0
825759 2
825876 3
825919 9
826388 1
826475 3
826906 7
827034 12
827126 7
827510 17
827522 0
827533 19
828092 2
828769 13
828943 19
829122 1
829273 7
829828 2
829955 15
829960 7
830513 18
830539 1
830610 0
831079 13
831131 14
831170 5
831783 6
831832 18
832344 4
832512 19
832571 18
832939 1
832941 16
832993 13
833580 18
833754 17
833891 11
834136 10
834321 16
834688 19
834743 9
834784 9
835352 0
835818 12
836402 0
836560 19
837088 14
837242 6
837384 11
837672 3
837710 11
837851 13
838364 14
838471 10
838553 13
838874 18
839541 7
839740 11
839865 2
840155 8
840304 11
840310 2
840600 19
840665 11
840667 12
841244 8
841335 16
841528 6
841981 4
842070 5
842172 10
842565 12
843104 18
843238 18
843601 12
843709 15
844341 18
844424 17
844591 5
844831 5
844836 10
844864 10
845413 5
845577 6
846151 19
846278 17
846321 12
846797 8
847260 12
847280 17
847828 16
848018 19
848104 19
848565 5
848604 15
848637 7
849145 13
849172 6
849654 1
849661 12
850270 5
850332 14
850406 11
850831 10
850935 14
850936 4
851482 6
851518 13
851577 1
852169 12
852353 2
852490 10
852648 9
852801 13
852983 15
853329 19
853387 13
853533 16
853916 3
854478 18
854594 11
854685 1
855145 16
855617 19
855670 6
855718 0
856214 8
856239 17
856251 12
856859 13
856867 12
857016 6
857412 13
857424 11
857620 8
858020 7
858112 8
858254 8
858671 4
859303 10
859476 4
859553 3
859914 6
860041 2
860218 0
860586 0
860781 18
861149 0
861318 10
861691 16
862372 1
862545 5
862812 19
862885 8
862918 8
863553 7
863660 15
863673 18
864139 1
864244 13
864347 15
864722 5
864871 12
865053 6
865276 18
865338 14
865437 5
865828 6
865915 1
866008 16
866570 10
866754 6
866905 17
867052 10
867234 5
867364 10
867604 17
867639 5
867664 10
868329 6
868383 7
868516 15
868902 10
869595 17
869615 9
869700 15
870064 18
870183 8
870210 6
870723 13
870724 16
870728 9
871319 19
871392 9
871558 1
871956 8
872567 13
873014 7
873725 18
873768 12
873827 10
874352 12
874470 1
874617 11
874804 16
874808 16
875007 18
875473 14
875577 0
875592 13
876068 1
876079 19
876277 17
876678 5
876681 14
876810 10
877210 2
877395 5
877529 7
877915 1
877993 11
878104 17
878430 1
878557 17
878698 2
879104 0
879124 19
879320 4
879626 1
880299 14
880439 3
880866 12
881066 1
881120 17
881410 17
881424 13
881453 13
882129 15
882296 19
882485 4
882650 6
882721 15
883280 11
883429 17
883441 6
883873 18
884058 2
884152 18
884543 3
884624 6
884736 4
885037 10
885662 9
885749 11
885897 9
886343 7
886418 19
886547 1
886869 19
887040 12
887129 6
887523 17
887572 9
887754 2
888065 9
888122 11
888206 10
888621 16
888691 16
888783 14
889392 7
889956 18
890016 13
890197 11
890481 5
890574 17
890588 8
891162 7
891665 18
891837 9
891844 0
892230 0
892885 13
893045 1
893121 1
893521 3
893696 11
893833 3
894079 19
894216 0
894264 14
894646 14
894758 13
894767 14
895329 11
895391 3
895505 8
895941 0
896009 16
896072 13
896414 12
897149 8
897745 13
898259 17
898324 2
898351 12
898827 16
899002 17
899521 0
899574 19
899574 0
900062 7
900174 13
900282 5
900660 2
901335 9
901354 8
901381 17
901858 18
902005 6
902033 17
902474 19
902598 13
902670 7
903042 2
903798 12
903947 15
904038 13
904390 9
904451 4
904492 2
904904 7
905054 17
905192 0
905525 15
905547 10
906115 10
906722 0
906762 7
906906 18
907237 3
907283 7
907478 11
907914 4
908479 18
908662 6
909074 15
909189 13
909365 1
909769 12
909939 5
910008 0
910277 4
910356 18
910531 3
910980 10
911070 9
911078 10
911420 0
911592 3
911721 19
912051 0
912156 4
912272 7
912603 7
912789 9
912799 15
913389 15
913423 17
913504 14
913820 6
913936 13
914036 17
914532 13
914674 18
914784 7
915047 0
915653 17
915825 2
915962 0
916260 16
916268 6
916355 17
916919 17
916919 8
917030 6
917442 16
917603 9
917650 16
918045 3
918185 6
918330 15
918753 16
918765 0
918921 15
919259 2
919276 12
919366 7
919814 11
919960 4
919982 19
920459 13
920597 3
920619 10
921181 14
921248 0
921278 10
921792 6
921797 13
921965 2
922315 15
922416 2
922958 14
922978 15
923099 5
923448 14
923497 6
923646 6
924077 14
924211 7
924282 7
924731 5
925240 9
925384 5
925584 5
925983 1
925988 2
926054 1
926589 3
926755 16
926804 17
927123 17
927283 6
927311 17
927778 15
927805 14
927944 7
928332 2
928451 19
928504 15
928935 6
929077 11
929133 11
929519 17
930180 18
930348 5
930399 9
930786 9
930881 10
930903 17
931350 18
931381 5
931917 18
932066 18
932226 6
932570 10
932683 16
932700 9
933087 14
933229 10
933247 0
933753 11
933783 19
933952 15
934276 3
934463 0
934464 12
934837 15
934861 14
935443 11
936092 0
936617 11
936719 13
937367 15
937390 18
937584 1
937946 13
938066 9
938098 4
938593 18
938648 11
938762 0
939027 12
939183 10
939724 3
939728 15
939843 19
940265 18
940418 16
940537 4
940996 11
941159 7
941356 8
941590 13
941720 15
941801 3
942142 13
942780 17
942959 11
943033 5
943241 2
943381 16
943419 13
943967 10
943995 15
944081 2
944535 4
944575 3
944774 12
945071 15
945120 6
945222 17
945769 10
945892 2
946012 13
946250 13
946427 7
946507 2
946876 6
947013 11
947107 12
947469 18
947541 9
947575 19
948087 4
948788 19
949289 17
949319 10
949471 7
949940 2
950111 7
950191 2
950483 10
950589 7
950596 18
951143 2
951250 18
951418 4
951664 10
952233 2
952356 18
952415 10
952915 10
953028 16
953208 2
953535 9
953539 11
953702 7
954081 2
954161 12
954753 14
954928 16
955044 14
955260 11
955418 17
955497 7
955879 13
955959 6
956089 16
956592 4
956775 4
956891 4
957099 11
957292 12
957440 18
957758 3
957842 17
957871 6
958204 10
958887 14
959444 5
959586 4
959652 11
960050 6
960175 13
960205 19
960642 10
960683 4
961235 3
961235 14
961311 0
961910 0
961954 6
961964 18
962575 10
962761 14
962927 4
963163 7
963301 10
963410 10
963612 12
963652 18
963756 2
964309 3
964954 13
965008 11
965413 6
965519 2
965528 1
966164 14
966228 14
966417 12
966745 2
966867 15
966908 7
967234 6
967307 5
967363 13
967919 10
968587 17
969195 11
969333 16
969473 16
969681 2
969805 16
970269 12
970328 10
970443 8
970896 0
971009 9
971114 6
971514 12
971589 16
971692 8
972142 7
972341 5
972436 3
972789 18
972960 4
973024 2
973359 16
973541 18
973656 9
973971 3
974106 1
974191 3
974490 15
974629 4
975050 4
975156 0
975628 18
975657 7
975851 4
976286 1
976905 5
977027 2
977041 19
977506 15
977580 16
977583 4
978069 13
978238 18
978781 14
978912 1
978926 10
979398 18
979935 9
980497 1
980539 9
980719 13
981000 15
981010 15
981181 13
981682 1
982390 11
982990 3
983023 19
983560 9
983648 11
983710 6
984041 13
984235 3
984286 3
984712 3
984737 15
984849 16
985240 9
985958 2
986028 15
986217 12
986562 16
987017 4
987128 14
987258 1
987763 15
987893 19
988053 17
988322 15
988404 4
988420 0
988822 12
989446 16
989454 13
989480 18
990171 4
990735 1
990768 10
990838 2
991382 11
991459 16
991558 0
991953 9
991974 14
992062 14
992466 3
992490 12
992628 17
993041 18
993056 6
993091 4
993662 15
993848 12
993862 14
994208 2
994294 1
994422 6
994838 2
995422 3
996049 12
996112 9
996742 1
996841 11
997005 11
997265 6
997374 12
997887 5
997927 0
998082 8
998421 16
998465 9
998514 18
999000 11
999136 0
999151 10
999710 3
999884 3
1000012 7
