174 13
347 19
415 5
772 42
774 32
1299 43
1469 47
1835 36
1841 15
2004 4
2489 3
2526 39
2646 9
3198 1
3277 23
3604 7
4263 47
4435 35
4580 31
4890 24
4998 26
5120 6
5513 31
6130 4
6741 1
6799 3
6855 15
7360 18
7438 42
7986 7
8113 14
8595 10
8684 7
8847 16
9058 18
9665 8
9707 19
9730 39
10226 42
10352 11
10475 18
10829 18
10829 31
10830 10
11523 47
12181 14
12221 48
12612 16
13247 12
13283 25
13391 1
13985 32
14431 15
14451 14
15124 3
15168 43
15640 11
15779 42
16321 15
16395 30
16399 12
16803 41
16942 25
16990 15
17437 47
17632 22
17674 3
18170 2
18304 13
18388 43
18788 19
18872 45
18943 21
19204 1
19221 27
19304 13
19904 36
20100 43
20295 48
20479 23
20558 9
20692 0
21044 31
21240 11
21303 35
21746 47
21820 10
21919 19
22367 32
22407 29
22571 28
22974 37
23072 14
23251 41
23515 7
23579 5
23729 45
24167 37
24249 8
24271 5
24663 38
24707 35
24719 49
25301 7
25963 45
26404 14
26480 13
26545 12
27047 24
27228 23
27339 44
27745 40
27821 11
27904 5
28272 13
28460 29
28640 32
28810 11
28881 38
29067 27
29467 23
30072 4
30170 47
30627 17
30684 42
30742 49
31325 36
31801 48
31820 33
32558 42
32569 40
32623 6
33108 26
33611 49
33726 44
33915 22
34219 27
34841 33
34882 12
35019 33
35424 25
35460 40
35654 49
36199 38
36302 10
36638 24
36696 13
36854 25
37292 10
37323 14
37477 8
37870 20
37987 24
38048 16
38488 37
39019 44
39785 47
40369 38
40566 8
40698 5
40908 1
41037 10
41095 33
41517 45
41565 3
42036 36
42633 30
43213 34
43953 38
44132 23
44220 49
44447 17
44457 3
44477 19
45098 49
45280 17
45334 5
45675 26
45694 7
45748 12
46364 2
46377 23
46419 4
46925 7
47073 22
47115 16
47537 4
47674 26
47758 35
48119 22
48246 0
48327 10
48693 33
49331 28
49490 35
49549 33
49950 39
50137 45
50333 28
50560 23
51140 9
51166 12
51702 32
51782 41
52287 47
52955 14
53101 29
53285 49
53498 23
53597 17
53628 6
54092 20
54224 1
54776 2
54777 41
54844 0
55374 15
55378 32
55379 25
55980 22
56128 26
56138 48
56412 40
56473 0
56587 34
57115 0
57274 47
57707 49
57883 37
58370 25
58827 35
58851 12
59008 42
59415 4
59579 15
59590 47
60191 4
60773 19
60858 32
60970 26
61237 4
61324 18
61326 40
61853 15
62022 44
62113 14
62523 48
62661 35
62757 7
63050 46
63184 20
63247 25
63681 1
63683 9
64208 14
64321 0
64521 24
64912 17
65110 46
65122 37
65490 23
65685 44
65814 14
66023 14
66068 29
66212 34
66630 17
67339 6
67403 35
67555 46
67869 30
68036 21
68105 23
68457 45
68466 18
68484 22
69179 33
69238 16
69605 15
69618 38
69761 9
70310 33
70481 14
70627 34
70901 32
71034 45
71221 34
71579 1
71717 39
71740 7
72055 40
72247 36
72322 40
72659 25
73268 37
73382 30
73482 26
73823 4
73855 19
74535 19
75116 2
75162 3
75295 27
75728 44
75880 12
76031 1
76326 6
76337 9
76464 2
76814 4
77574 25
77707 19
77871 16
78192 9
78205 1
78403 37
78679 30
78740 31
78810 34
79376 1
79466 28
79562 42
79820 37
80592 46
80718 0
80843 43
81006 24
81117 17
81211 19
81664 29
81689 40
82240 27
82871 28
83034 12
83149 12
83405 19
84153 12
84209 31
84246 44
84705 19
84879 27
84886 36
85345 40
85368 41
85426 31
85922 8
85925 2
86014 26
86400 11
86470 1
86521 34
87139 42
87246 30
87336 26
87769 30
88317 39
88494 29
88541 36
88851 14
88982 49
89572 8
90023 16
90140 15
90254 37
90636 12
90679 30
90696 38
91362 13
91478 29
91478 40
91854 12
92002 13
92176 25
92440 21
92512 18
92581 18
93021 43
93033 40
93229 44
93751 42
93773 2
93924 47
94261 31
94294 35
94353 34
94838 11
95430 37
95584 27
96097 22
96250 37
96336 28
96793 22
96953 31
97110 21
97394 16
97892 39
97932 37
98059 43
98497 37
98506 0
98614 22
99088 22
99798 7
99972 31
99998 9
100275 31
100918 42
101010 41
101140 14
101447 43
101498 1
101624 24
102073 29
102187 21
102195 34
102704 18
103217 49
103289 36
103341 48
103960 26
104133 3
104310 13
104505 47
104599 14
104710 12
105192 28
105276 3
105474 27
105691 9
105791 37
106292 24
106461 5
106555 8
106808 39
106902 32
107065 37
107418 32
107585 32
107701 39
108185 32
108223 34
108751 17
108831 2
108899 42
109298 7
109968 32
110540 1
110738 35
110802 13
111093 15
111683 8
111738 7
111784 18
112373 16
112497 9
112558 21
112967 44
113153 13
113296 24
113480 43
113481 49
113657 13
114195 8
114369 19
114452 44
114751 27
114865 31
114924 25
115349 44
115353 47
115453 14
115981 38
116433 37
116435 47
116576 30
117112 0
117276 36
117295 8
117786 25
117816 9
117959 32
118231 39
118262 7
118984 30
119171 48
119218 34
119590 2
119766 48
120142 3
120313 10
120438 45
120723 37
121396 42
121581 20
121600 32
121804 2
121827 21
121930 36
122432 0
122627 34
122673 46
123014 26
123061 42
123184 43
123607 42
124325 40
124436 0
124464 16
124903 2
125040 24
125595 30
125674 45
125757 43
126191 46
126267 27
126405 3
126633 34
126809 26
126881 20
127339 42
127528 33
127639 11
127822 15
127855 1
127947 31
128590 18
128721 17
128834 17
129112 13
129716 17
129752 40
129765 48
130289 1
130328 48
130375 23
130950 46
130974 35
130978 46
131497 16
131594 7
131699 23
132106 8
132136 44
132242 24
132786 27
132976 7
133023 6
133317 43
133380 39
133806 19
134408 12
134529 1
134548 32
135056 31
135134 26
135300 46
135765 40
136394 22
136395 8
136442 48
136979 22
137002 43
137171 13
137475 31
137506 46
137611 26
138136 33
138326 49
138354 14
138660 39
138743 45
138892 29
139395 31
139995 29
140083 6
140257 5
140459 43
140574 18
140743 38
141141 26
141221 19
141600 15
141705 43
141825 30
142343 3
142834 30
142961 48
143051 31
143443 2
143538 0
144175 2
144622 9
144783 22
144929 41
145208 9
145321 14
145395 19
145983 5
146041 35
146502 4
146542 10
146642 43
147010 16
147098 16
147274 11
147667 24
147776 6
147883 46
148339 3
148494 9
148604 11
148998 5
149454 15
149464 32
149585 14
150120 9
150168 43
150754 18
150951 28
151149 10
151323 35
151407 37
151508 41
151821 19
151906 48
151926 14
152455 38
152508 31
153022 46
153105 36
153143 8
153740 5
153876 2
154053 30
154314 45
154503 45
154651 6
154877 39
155006 18
155206 49
155555 42
155746 16
155772 33
156106 11
156251 48
156799 23
156997 9
157021 20
157253 41
157360 48
157452 31
157905 36
157936 26
158089 3
158584 11
158689 12
158859 10
159140 6
159226 0
159305 42
159738 8
160221 26
160309 23
160410 23
160986 28
161013 23
161205 37
161539 17
161542 11
161658 10
162138 22
162748 39
162814 26
163010 0
163318 35
163898 15
163971 30
164168 48
164440 12
164569 36
164605 38
165018 38
165180 0
165252 35
165774 19
165839 23
165987 45
166209 30
166267 17
166852 48
167003 28
167152 16
167402 43
168169 29
168238 15
168401 16
168668 18
169324 3
169448 26
169556 19
169966 5
170470 15
170503 41
171082 9
171197 16
171266 24
171747 18
172251 32
172299 34
172341 48
172848 22
173040 8
173434 8
173613 15
173778 18
174090 14
174761 13
174798 24
174880 4
175336 3
175462 25
175590 5
175982 43
176519 7
176588 23
176676 8
177137 39
177789 35
177817 6
177958 29
178273 49
178423 4
178605 47
178819 25
179011 15
179206 40
179401 11
180025 46
180689 24
180746 36
180940 39
181230 41
181403 20
181484 22
181817 6
182557 5
182748 11
182815 6
183007 24
183143 39
183331 23
183706 6
183842 3
184275 9
184389 15
184391 43
184949 37
185078 43
185199 17
185497 29
185573 35
186185 1
186188 27
186219 11
186600 18
187299 16
187350 36
187408 26
187889 37
188027 14
188222 38
188514 11
188603 18
188640 23
189199 25
189260 42
189324 23
189727 18
189728 27
189728 33
190306 11
190484 47
190569 43
190942 18
190961 12
191036 42
191453 38
192076 11
192151 30
192176 5
192793 12
192962 38
193214 1
193969 7
194169 28
194440 1
194621 15
194815 47
195009 0
195068 42
195121 11
195748 9
196377 48
196423 6
196530 1
196980 49
197048 11
197067 29
197463 21
197636 8
197660 10
198186 35
198293 28
198350 38
198691 46
198820 31
199010 27
199341 21
199379 22
199433 22
199878 30
200022 29
200051 25
200550 36
200558 23
200588 31
201025 5
201046 17
201104 26
201731 9
201802 45
201802 48
202315 44
202489 46
202858 8
202875 6
202977 39
203433 38
204079 37
204775 42
204789 46
205366 11
205925 15
205967 44
206002 32
206540 32
206586 8
206727 18
207009 33
207175 0
207286 6
207787 24
207927 28
207979 7
208252 43
208400 16
208491 29
208851 12
208871 2
208893 39
209439 0
209633 10
209668 41
210079 36
210780 46
210942 41
211129 10
211275 32
211442 2
211631 45
211941 37
211958 43
212044 45
212469 40
212557 33
212601 3
213002 0
213077 45
213215 12
213707 30
213709 7
214243 38
214355 23
214442 14
214839 8
214848 21
214895 20
215508 34
215646 31
215738 9
216190 41
216356 12
216435 45
216619 9
216731 9
216744 3
217246 33
217256 22
217800 2
218584 38
219179 39
219607 47
219676 37
219741 49
220338 45
220960 33
221047 15
221120 25
221548 48
221599 40
221747 4
222073 46
222639 3
222639 43
223249 21
223422 19
223569 42
223905 5
223992 22
224092 22
224483 41
224523 43
224534 37
225054 38
225156 4
225302 42
225785 44
225944 0
226113 27
226377 28
226377 48
226422 16
226906 36
227062 8
227070 34
227525 7
227639 32
227737 10
228059 45
228193 28
228195 0
228649 18
228812 3
229379 48
229815 31
230014 49
230196 21
230408 20
230529 33
231108 11
231224 4
231672 28
231855 40
232398 25
232981 10
233161 11
233281 44
233437 1
233552 20
233641 0
234156 14
234196 29
234320 13
234782 16
234830 25
234834 42
235222 19
235301 30
235347 17
235839 23
235847 6
236039 0
236517 7
236655 29
236813 23
237174 32
237288 38
237484 26
237634 5
237781 45
237943 46
238228 3
238350 11
238465 36
238817 7
238969 39
239078 33
239488 16
239639 41
239760 39
240196 42
240319 23
240715 38
240757 27
240789 45
241388 47
241934 26
242100 3
242120 23
242568 37
242673 37
242810 19
243053 4
243199 20
243282 43
243746 48
243809 25
243983 47
244339 0
244525 20
244657 27
244806 22
244883 21
245470 27
246051 24
246181 11
246652 11
246799 26
246836 30
247282 13
247945 39
248068 39
248237 0
248481 16
248541 20
248544 16
249132 15
249318 15
249516 7
249793 33
249827 14
249867 47
250256 7
250288 24
250476 44
250885 23
250906 48
250941 42
251460 49
251516 9
251676 3
252104 28
252217 30
252280 14
252646 24
253260 39
253443 14
253601 38
253993 13
254162 18
254172 48
254433 16
254588 18
254741 44
255180 31
255227 14
255707 44
255770 44
255843 32
256355 2
256800 47
256855 49
256927 23
257569 2
258145 0
258244 18
258696 7
258758 24
258783 48
259299 24
259373 28
259389 41
259943 11
260042 30
260427 36
260572 1
260675 31
261153 40
261312 5
261316 25
261742 28
262207 36
262808 12
262857 5
262929 14
263418 6
263604 24
263645 47
264148 3
264741 17
264764 18
264774 17
265354 18
265391 38
265526 4
265930 11
266576 18
266719 7
266898 34
267079 23
267239 28
267374 45
267670 49
267687 25
267803 34
268383 41
268426 24
268951 0
269118 0
269414 8
269525 14
269639 38
270082 39
270771 2
270872 43
270941 37
271349 23
271400 22
271458 9
271830 32
272029 20
272136 38
272588 26
273105 4
273174 47
273270 5
273620 43
273737 4
273778 21
274266 24
274404 14
274467 38
274932 44
275069 7
275265 24
275414 0
276039 44
276140 47
276238 9
276691 21
277394 9
277916 43
278430 46
278541 42
278659 0
279040 41
279782 15
279880 15
280014 27
280223 43
280359 8
280441 22
280988 29
281043 1
281546 4
281704 24
281823 4
282022 3
282171 45
282710 11
282847 43
283039 2
283297 42
283322 33
283356 28
283857 17
283940 19
284076 45
284410 41
284481 25
284624 8
285080 41
285176 33
285273 13
285754 43
285772 43
285936 42
286354 48
286933 2
287001 15
287028 33
287434 34
288120 4
288248 22
288716 35
288833 30
288864 23
289244 31
289250 30
289322 34
289890 17
290534 41
290542 35
291089 48
291154 1
291233 25
291664 41
291670 30
291842 7
292391 23
292808 43
293568 7
293641 34
293794 25
294153 13
294271 30
294456 10
294660 18
294820 8
294943 38
295302 12
295886 20
296427 3
296469 45
296608 24
297113 41
297204 12
297290 11
297791 45
297840 46
297996 7
298360 40
298432 25
298458 23
298991 5
299452 13
299585 29
299630 1
300139 17
300729 48
300810 28
301001 20
301222 30
301241 1
301410 4
301924 4
302016 11
302134 48
302436 31
302601 25
303061 25
303116 41
303200 44
303726 0
303728 5
303884 21
304220 22
304304 23
304327 41
304807 40
304846 29
304983 34
305422 41
305618 7
305777 37
306139 32
306222 21
306367 17
306632 32
306709 7
307340 8
307842 2
308010 6
308045 32
308541 26
308543 6
308705 15
309172 2
309330 20
309400 47
309659 26
309836 49
309844 16
310216 30
310235 29
310237 22
310918 26
311042 21
311213 43
311438 46
312092 48
312093 13
312179 22
312796 13
312958 42
313038 18
313345 38
313497 23
313619 48
313844 33
313884 22
313922 32
314445 15
314597 2
314606 31
315068 47
315094 15
315290 7
315661 7
315696 44
315860 11
316227 49
316404 5
316932 1
317115 15
317299 4
317421 8
317432 24
317463 39
318169 5
318229 30
318387 20
318629 46
319283 42
319999 27
320164 5
320249 43
320441 6
320465 38
321083 11
321255 19
321342 21
321718 31
321826 10
321990 38
322244 12
322270 29
322312 48
322851 26
322902 10
323508 28
324128 34
324260 40
324792 6
324924 19
324927 43
325234 22
325364 4
325924 17
325960 25
325979 20
326478 45
327132 42
327265 17
327672 4
327763 18
327776 11
328274 5
328993 17
329054 7
329111 40
329403 41
329589 34
329751 48
330161 20
330293 5
330362 36
330735 30
330832 25
330973 39
331225 0
331275 12
331305 0
331837 45
331964 43
332154 13
332487 2
333070 25
333197 4
333306 44
333720 11
333908 44
334057 38
334307 45
334475 4
334578 10
334936 15
335020 28
335154 3
335517 32
335607 17
335698 39
336118 15
336760 31
336827 48
337379 32
337966 1
337987 14
338153 44
338462 41
338627 47
338750 43
339026 38
339784 24
339977 30
340014 33
340295 10
340494 45
340650 3
340972 4
341093 9
341251 4
341574 5
342180 10
342720 21
342742 30
342876 43
343397 7
343493 1
343676 2
343910 12
344057 25
344237 29
344550 19
344650 7
344776 2
345092 43
345270 19
345451 0
345690 41
345846 18
346275 16
346368 9
346417 4
346864 40
347422 12
348099 20
348225 47
348378 9
348632 8
348692 32
348870 29
349353 7
349950 26
350113 36
350502 19
351135 44
351765 25
351936 5
352023 18
352305 4
352411 4
352556 22
352844 14
352845 14
352929 32
353411 16
353414 44
354045 4
354105 36
354125 24
354674 16
355216 17
355265 12
355361 33
355848 18
355921 20
356418 31
356592 40
357124 9
357271 0
357430 22
357775 26
357832 37
357913 19
358315 5
358445 0
358590 30
358882 13
359049 15
359508 12
359684 0
359805 17
360121 4
360232 11
360254 29
360675 17
360790 0
361228 22
361913 30
362057 33
362219 37
362582 14
362706 33
362882 16
363167 27
363638 13
363655 2
364362 44
364996 30
365109 19
365231 0
365518 18
365672 49
365711 35
366019 9
366173 47
366334 14
366748 2
366898 33
367028 32
367371 33
367977 49
367987 28
368551 32
368628 24
368822 24
369040 22
369138 23
369714 46
369759 19
369940 16
370307 37
370886 39
371026 9
371073 44
371442 5
371450 17
371587 26
372147 45
372172 23
372183 9
372628 41
372716 3
372859 38
373256 19
373335 23
373409 33
373965 36
374410 12
374585 41
374662 4
375194 3
375298 15
375415 46
375745 41
375865 4
376338 39
376349 26
376492 3
376938 8
377003 14
377055 5
377569 46
377581 27
377711 49
378094 1
378256 40
378407 39
378734 24
378875 27
378922 48
379262 36
379378 35
379578 0
379838 21
379840 40
379943 23
380530 20
380538 29
380570 47
381102 31
381162 0
381295 49
381778 49
382324 46
382880 3
383068 37
383254 43
383563 28
383696 14
383810 16
384100 49
384185 9
384204 32
384777 34
384903 48
384919 22
385285 28
385843 21
386512 33
386609 48
386741 35
387072 10
387162 8
387650 7
388297 2
388354 1
388501 23
388805 34
388894 37
388904 29
389402 13
389521 22
389633 48
390139 2
390220 7
390723 44
390863 13
390882 33
391320 25
391336 5
391948 15
392047 24
392047 43
392425 18
392485 45
393020 11
393699 8
393733 34
393774 23
394247 41
394416 24
394555 8
394802 41
394907 28
395007 32
395559 9
396193 33
396203 17
396397 19
396649 40
397349 34
397835 33
398573 3
399135 30
399624 3
400277 42
400852 30
401524 3
401619 32
401793 30
402156 35
402318 6
402402 1
402696 39
402714 39
402888 26
403294 37
403453 33
403509 22
403862 14
403917 42
403961 43
404448 11
404632 8
405040 37
405180 43
405312 2
405749 10
405769 28
405893 27
406267 42
406316 41
406417 4
406913 45
406962 45
407026 23
407591 31
407733 40
407766 37
408145 25
408239 27
408394 16
408601 15
408713 30
408888 22
409365 2
409470 39
409580 25
409889 46
409918 39
410092 15
410538 24
411039 36
411690 7
411711 12
411865 35
412206 40
412360 9
412522 34
412877 0
412928 29
413015 45
413520 10
413640 2
413838 12
414057 36
414168 3
414657 6
414849 35
415015 22
415229 49
415368 13
415566 42
415880 38
416515 43
416629 35
416645 30
417005 46
417658 30
417674 43
418312 41
418316 36
418430 49
418963 17
418963 35
419104 39
419471 21
420145 10
420265 1
420443 9
420725 39
420790 42
421329 38
421375 7
421394 25
421945 41
422481 39
423117 49
423154 36
423709 13
423739 16
423768 2
424217 34
424987 12
425110 40
425447 42
425479 16
425637 39
426162 24
426320 31
426409 6
426745 5
426884 15
427044 19
427266 3
427386 23
427387 44
427955 17
427981 45
428166 11
428466 46
428604 32
428789 6
429000 29
429666 29
429750 40
430397 47
430582 35
430836 46
430968 7
431046 18
431580 4
431756 49
431937 24
432193 10
432797 45
432897 49
433254 43
433407 8
433488 11
433960 36
434125 20
434202 39
434578 44
434696 29
434843 12
435111 10
435123 7
435719 14
435850 47
436007 42
436200 13
436279 29
436441 35
436971 16
437110 9
437125 35
437590 3
437664 0
437805 39
438044 33
438135 11
438220 25
438644 10
439299 42
439335 40
439528 7
439810 19
439853 14
440007 3
440540 9
440599 23
440734 12
441057 0
441739 1
441829 32
441905 20
442367 4
442439 17
442963 3
443133 32
443278 8
443521 3
443644 9
443661 44
444030 29
444074 16
444271 6
444694 1
444695 17
445369 33
445494 7
445635 30
445954 47
446119 36
446223 48
446574 37
446770 36
446834 16
447117 44
447315 35
447754 46
447818 3
447832 40
448354 38
448473 10
448525 48
448947 7
448960 45
449508 37
449525 3
449646 18
450191 11
450274 20
450315 17
450705 1
450832 41
450926 9
451352 10
451541 22
451688 15
451992 41
452588 41
452617 44
452781 42
453126 13
453207 46
453685 35
453708 31
453807 15
454399 43
454554 15
454676 49
454840 31
454842 13
454914 37
455492 0
456073 25
456156 16
456157 30
456611 16
457378 0
457464 32
457661 32
457952 29
458445 23
458631 48
458733 24
459074 10
459136 42
459299 26
459782 32
459806 45
459955 38
460256 10
460277 20
460283 3
460873 17
461460 30
461500 37
461542 47
462022 48
462089 3
462262 48
462720 40
462860 38
462928 24
463220 4
463233 43
463391 8
463818 30
463982 11
464075 37
464497 25
464652 1
464785 4
465023 46
465198 27
465716 18
465861 34
466000 23
466356 23
466441 42
466570 21
466854 17
466906 18
467010 16
467458 9
467567 16
467642 42
468017 49
468118 43
468762 40
469350 38
469906 38
470010 0
470144 6
470500 45
470585 32
471083 42
471272 30
471317 5
471636 46
472323 37
472359 35
472829 25
473000 16
473485 17
473488 21
473637 45
474194 18
474313 10
474755 9
474804 31
475395 1
475441 20
475577 10
475888 9
476543 32
476594 31
476664 24
477137 12
477788 36
477954 36
478042 17
478231 45
478295 41
478318 28
478878 22
479072 8
479183 19
479494 7
479629 12
479631 31
480102 12
480718 35
480766 18
481246 33
481295 40
481416 23
481802 38
481986 4
482179 33
482539 20
482618 42
482790 34
483087 13
483219 25
483332 0
483616 36
483622 8
483811 31
484370 44
484383 23
484440 0
484967 26
485147 5
485207 29
485577 24
485750 7
486038 44
486069 13
486655 24
486691 44
486866 34
487374 2
487555 31
487667 46
487913 9
488035 41
488128 30
488504 9
488692 41
489178 17
489274 14
489303 42
489628 31
489764 37
489793 11
490308 19
490425 47
490428 3
490955 12
490982 5
491145 0
491432 21
491448 12
491457 2
492088 13
492255 19
492294 10
492755 30
492835 37
492946 28
493369 41
493370 14
493449 11
493931 23
494042 23
494096 48
494409 36
494443 31
494544 20
495167 10
495263 1
495281 37
495662 13
495704 37
496330 49
496442 19
496501 30
496994 45
497173 15
497317 14
497474 32
497569 2
497635 17
498075 23
498198 25
498228 21
498682 2
498754 45
498954 14
499230 30
499242 27
499357 25
499903 47
500438 19
500511 48
500525 26
501189 42
501344 13
501527 6
501706 31
502200 47
502820 9
502888 6
502902 40
503404 1
503567 38
504117 27
504234 8
504757 23
504850 30
505297 29
505400 13
505522 32
505973 23
506053 45
506106 26
506579 35
506654 20
506702 44
507182 25
507309 4
507445 5
507774 49
507779 9
507896 40
508377 29
508568 4
508632 33
508854 30
508954 37
508959 35
509479 5
510065 44
510131 48
510715 3
511287 17
511932 21
512035 39
512118 18
512581 43
512711 32
512728 12
513059 34
513133 21
513201 44
513628 41
513793 46
513944 35
514237 42
514237 11
514980 8
515595 31
516112 0
516238 31
516358 45
516790 40
517209 4
517402 0
517542 28
517985 2
518149 34
518579 37
518772 46
518810 49
519123 33
519749 23
519795 22
519879 18
520210 36
520952 19
521011 9
521189 37
521436 49
521612 33
521773 0
522182 22
522276 21
522438 11
522648 18
522719 46
522726 7
523372 37
523440 16
523966 48
524145 45
524582 42
525080 5
525252 43
525715 1
525871 39
526239 44
526901 30
526970 5
527407 17
527446 46
527539 27
528022 7
528105 5
528151 43
528800 43
528843 36
529017 4
529333 0
529879 20
530031 45
530210 0
530571 3
530638 49
530718 17
531067 18
531069 17
531096 11
531674 42
532359 42
532421 9
532490 14
532860 40
532883 8
533019 30
533512 1
533563 16
533692 22
534041 12
534638 1
534694 41
534854 43
535221 0
535419 16
535609 38
535960 28
536559 20
536613 16
537135 20
537309 22
537724 5
537770 3
537777 26
538243 45
538968 23
539136 35
539207 10
539585 27
540034 21
540106 27
540208 0
540645 22
541366 46
541488 31
541685 36
541837 38
541979 14
542516 12
543016 0
543188 14
543232 20
543741 20
543783 31
543853 47
544261 0
544313 21
544346 45
544832 2
545030 25
545136 43
545432 25
546068 6
546232 45
546287 32
546681 17
546854 36
546965 43
547292 41
547364 19
547555 5
547837 20
547869 40
547930 40
548496 48
548500 16
548679 35
549144 30
549316 37
549358 18
549634 5
550360 16
550493 16
550978 14
551484 23
551515 17
551644 32
552146 13
552621 23
552778 34
552804 3
553276 0
553342 34
553849 47
553928 10
554414 11
554556 22
554609 4
555200 2
555335 33
555451 16
555728 21
555736 22
555911 8
556260 42
556294 24
556980 44
557011 9
557044 9
557563 13
557636 3
558150 27
558263 35
558282 32
558696 34
558796 45
558892 19
559365 10
559966 40
560436 33
561078 24
561605 26
562366 4
562425 32
562490 43
562906 49
563540 19
563722 29
563890 18
564147 2
564294 25
564658 23
564668 39
564813 28
565325 48
565977 8
566414 16
566595 15
566644 18
567162 21
567235 10
567403 15
567800 45
568377 36
568535 34
568669 18
568902 31
568947 11
568977 19
569510 32
569696 27
569833 10
570177 46
570356 8
570496 18
570725 4
570789 12
570930 16
571237 23
571276 28
571280 24
571918 29
571969 7
572052 4
572590 29
572614 9
572634 2
573071 19
573620 0
573751 18
574400 3
574432 17
574510 49
574807 2
574952 23
575482 47
575579 41
576184 19
576201 10
576671 22
576746 14
576795 8
577353 17
577865 6
578064 25
578423 25
578462 12
578477 34
579017 30
579194 46
579314 43
579762 22
579925 40
580308 46
580359 36
580469 38
580825 40
580951 13
581564 26
581741 42
582125 3
582149 46
582272 10
582735 18
582805 29
582998 27
583202 21
583299 11
583321 38
583935 24
583966 43
583990 14
584488 45
585030 19
585754 37
586347 18
586416 29
586610 29
586905 38
586949 49
587100 44
587426 22
587604 23
587665 11
588160 10
588245 26
588302 47
588715 44
588792 10
588877 45
589347 43
589393 2
589450 38
589912 20
590052 30
590104 30
590488 6
591020 15
591213 14
591351 5
591668 2
592336 10
592411 25
592559 20
592919 42
593100 25
593155 10
593559 37
594173 27
594641 17
594741 45
594823 16
595230 25
595339 0
595504 48
595908 25
596032 41
596088 40
596447 16
596617 11
597116 17
597169 42
597762 20
597814 45
598219 7
598947 0
599555 46
599744 2
599839 48
600029 33
600169 47
600188 29
600791 31
600877 29
601018 0
601214 14
601246 2
601941 47
602079 22
602118 28
602581 8
602621 21
602774 35
603029 33
603140 32
603176 17
603696 13
603884 28
603889 39
604290 13
604879 41
605507 48
606085 48
606107 27
606194 42
606771 27
607349 4
607354 42
607360 16
607809 11
608457 2
608549 16
608677 26
609117 45
609238 9
609352 48
609673 23
609701 32
609857 33
610252 19
610444 29
610583 10
610841 38
610994 46
611127 7
611589 7
612084 5
612098 42
612603 12
612678 2
612724 38
613234 19
613316 21
613391 48
613940 10
614124 32
614534 49
615048 45
615056 5
615207 20
615649 28
615668 1
615796 27
616342 29
616811 22
616846 15
616848 38
617533 44
618074 29
618099 26
618206 15
618667 11
618803 10
618993 24
619397 12
619868 38
619982 34
620423 1
621121 32
621314 26
621708 31
621711 32
621752 38
622200 40
622232 44
622409 27
622970 22
623135 25
623472 44
623477 39
623539 46
624085 25
624215 7
624643 37
625317 28
625388 36
625439 32
625908 12
626562 28
626612 32
626783 44
627171 5
627183 4
627205 9
627737 39
627822 26
627951 12
628327 40
628465 5
628509 49
628999 33
629042 4
629144 48
629421 15
629589 14
629745 17
630067 26
630152 24
630258 48
630728 29
630819 24
630911 34
631233 15
631251 2
631394 12
631896 0
632095 48
632271 41
632558 19
632738 26
632817 22
633149 3
633219 16
633253 7
633795 24
633951 35
633978 13
634369 21
634466 9
634475 0
634942 40
635076 26
635241 10
635410 20
635460 45
635580 14
636186 5
636727 49
636877 3
637040 14
637367 27
637958 0
638077 5
638159 35
638400 31
639048 8
639147 4
639277 3
639604 12
639660 11
639822 8
640236 44
640283 1
640329 32
640953 44
641077 14
641250 12
641548 48
641563 17
641714 34
642003 4
642074 19
642124 27
642625 34
642796 48
642825 20
643341 43
643478 28
643565 6
643844 47
643967 30
644162 4
644564 29
644718 37
644829 29
645029 38
645111 20
645286 42
645618 45
645746 8
645818 14
646364 23
646387 28
646911 44
646925 31
646983 46
647438 12
647566 44
647682 26
648122 26
648251 34
648431 28
648689 16
648856 0
648867 15
649264 43
649299 2
649438 32
649911 2
649968 33
650414 40
650536 41
651087 40
651148 1
651255 20
651727 19
652378 28
652403 19
652573 29
652857 33
653468 43
653530 29
653605 2
654045 12
654198 17
654363 32
654763 14
654800 33
654870 22
655301 17
655384 8
655437 10
655889 1
656458 44
656503 41
656509 31
657022 31
657079 22
657233 1
657729 20
657876 38
658253 40
658421 27
658524 41
658951 25
658975 7
659137 15
659599 2
660063 16
660203 3
660770 36
660900 16
661083 27
661323 42
661337 9
661448 31
661878 14
662428 30
662591 28
662725 48
663143 44
663304 23
663624 48
663806 1
663936 17
664279 28
664880 1
665422 2
666048 13
666239 20
666264 47
666786 26
666839 48
667284 5
667387 6
667444 47
667982 13
668466 1
668533 28
668554 16
669017 42
669090 14
669115 7
669669 48
670313 3
670450 11
670840 49
670990 17
671078 38
671403 41
671484 38
671504 20
672159 25
672233 4
672358 5
672743 17
672863 23
672886 7
673310 45
673501 31
673657 38
673867 49
673989 1
674005 14
674416 39
674568 21
674601 9
675070 45
675119 32
675279 44
675626 14
675633 14
675776 4
676204 43
676877 40
677053 19
677102 1
677445 20
677579 2
677705 38
678031 12
678193 49
678350 31
678657 7
679386 13
679533 39
679567 25
679945 30
680133 44
680147 34
680427 13
680501 9
681114 1
681262 48
681359 14
681673 9
681830 0
681832 17
682263 30
682419 3
682603 8
682890 32
682916 4
683013 4
683512 43
683605 24
684018 39
684791 24
684880 20
685369 18
685981 29
686424 43
686424 34
686462 0
687053 36
687123 31
687163 33
687627 35
687806 38
687828 49
688245 31
688288 36
688368 36
688816 45
688997 43
689600 30
690115 12
690252 2
690328 9
690784 4
690962 16
691023 21
691258 33
691832 25
691864 47
692524 3
692716 14
692770 45
693198 44
693308 1
693308 1
693742 33
693770 0
693867 39
694231 29
694250 27
694947 43
695124 25
695311 1
695523 41
696092 49
696284 14
696315 48
696636 26
697229 4
697307 37
697432 41
697819 8
697971 49
698038 14
698578 41
698640 43
698814 22
699131 24
699701 41
699863 31
700366 12
700419 31
700534 5
700811 17
700893 47
700907 16
701588 27
701741 37
701832 12
702123 18
702178 7
702660 31
702736 34
702858 46
703240 14
703306 15
703368 11
703967 23
704150 40
704485 9
704524 5
705072 42
705247 22
705314 8
705690 12
705839 29
706283 42
706440 7
706933 36
706963 0
706982 43
707581 23
707728 19
707922 22
708190 43
708217 0
708382 46
708608 14
708686 23
709371 2
709528 12
709532 2
709904 11
710091 9
710154 17
710430 8
711140 49
711159 44
711166 45
711800 20
711949 32
712214 41
712382 41
712494 11
712860 45
712977 34
713158 0
713424 23
713558 38
713613 49
714121 8
714203 31
714677 7
715324 32
715494 41
715560 46
715912 0
716015 7
716402 3
716546 19
716739 34
717060 49
717256 24
717363 8
717696 9
717789 31
717865 15
718202 3
718215 13
718311 11
718828 19
718985 35
719176 4
719568 5
719663 8
719718 42
720025 34
720711 0
720817 46
721306 5
721961 13
722460 44
722497 29
722551 16
723091 3
723139 19
723150 39
723759 28
723805 46
724311 8
724410 38
724601 48
724887 42
724940 0
725122 49
725419 24
725424 16
726164 9
726224 41
726247 22
726685 45
726725 17
726730 45
727214 5
727228 12
727244 15
727841 36
727915 28
727935 9
728569 40
728616 7
728772 18
729086 2
729221 10
729305 11
729755 4
729932 48
729977 42
730264 44
730389 5
730412 40
730866 28
730891 40
731038 45
731506 32
732121 40
732301 16
732343 23
732744 38
732887 44
733245 10
733989 43
734481 1
734506 3
734506 14
735178 46
735373 24
735559 26
735615 6
735789 19
736357 45
736494 30
736637 22
736932 38
737004 36
737139 9
737405 14
737595 0
737680 19
738108 14
738286 14
738325 43
738695 26
738778 7
738898 47
739361 29
739549 1
739893 30
739988 29
740166 49
740517 25
741045 38
741064 2
741068 17
741799 47
741902 21
741923 29
742241 12
742263 34
742387 22
742937 21
743030 3
743543 4
743590 12
744167 38
744359 16
744634 41
745289 31
745845 9
745933 25
745971 8
746520 47
746567 17
747144 49
747799 15
748211 24
748252 20
748946 1
748982 24
749042 36
749476 46
749651 22
749809 2
750132 29
750181 45
750214 11
750708 39
750816 9
750894 6
751266 47
751320 23
751945 37
752591 17
752769 23
752923 5
753098 5
753634 26
754201 44
754347 3
754544 24
754965 5
754993 16
755038 40
755536 40
755704 48
755860 45
756003 28
756762 9
756782 25
756850 16
757221 18
757244 6
757256 11
757831 39
757867 3
758476 11
758478 36
758642 18
759111 15
759253 4
759667 38
759686 48
760273 36
760469 47
760574 34
760989 46
761003 49
761134 4
761449 13
761615 10
761677 31
762170 36
762342 37
762435 30
762702 38
762863 10
763012 27
763266 20
763454 34
763484 46
763847 16
763881 2
763999 27
764443 48
765108 7
765730 43
766307 20
766322 19
766515 21
766956 2
767098 17
767201 5
767524 7
767624 28
767811 28
768111 2
768124 38
768212 31
768783 25
768786 25
768867 8
769396 37
769810 22
769878 42
769988 20
770564 29
771161 44
771177 38
771224 2
771650 19
771658 9
771841 20
772320 9
772467 28
772524 38
772971 31
773588 7
773635 0
773636 11
774146 18
774163 29
774168 11
774739 22
774867 21
774884 36
775298 39
775828 33
775999 16
776037 1
776476 24
776545 0
776578 48
777195 41
777251 21
777302 25
777709 24
777844 40
778313 38
778491 3
778559 16
778844 26
779528 10
779727 33
779797 28
780083 45
780179 33
780201 14
780654 47
780711 47
780759 2
781389 8
781909 8
782095 10
782130 32
782595 6
783024 40
783063 9
783243 29
783619 19
783633 25
783783 39
784247 38
784284 46
784452 49
784948 6
785488 30
785601 16
785657 3
786089 2
786128 29
786729 34
786745 32
786761 9
787250 0
787430 31
787903 33
788425 27
788457 48
788524 47
789083 43
789685 47
789817 39
789819 37
790282 27
790447 7
790606 18
790998 43
791124 20
791310 39
791431 8
791609 40
791611 45
792167 44
792196 1
792266 40
792653 5
793384 45
793478 18
793941 28
794052 37
794106 18
794434 34
794581 33
794770 42
795138 39
795191 10
795335 14
795777 15
795910 19
795911 44
796258 6
796351 8
796909 8
797029 6
797181 17
797494 10
797627 13
797765 26
798132 41
798168 16
798766 30
798797 36
798890 0
799225 29
799331 47
799816 20
799979 48
800017 12
800584 36
800713 16
801144 49
801338 11
801674 19
801716 22
801787 35
802253 6
802450 18
802480 32
802878 45
803010 42
803023 39
803536 12
803717 0
803726 19
804172 9
804268 9
804436 45
804688 49
804827 13
804942 40
805294 47
805911 12
806091 7
806572 39
807068 37
807165 12
807234 32
807721 17
807795 10
807972 34
808226 43
808410 46
808461 36
808920 47
808958 10
809552 10
809626 43
810120 47
810258 33
810314 39
810731 19
810879 46
810921 9
811390 22
811992 8
812106 39
812196 45
812455 7
812461 48
813029 6
813184 36
813318 6
813743 19
813824 5
813957 32
814256 2
814315 17
814482 42
814829 47
814990 43
815057 15
815587 36
815689 4
815797 29
816002 24
816606 45
817258 20
817871 25
818061 40
818116 19
818529 38
818530 5
818570 14
819000 20
819082 28
819267 19
819661 39
819761 0
819912 3
820302 48
820364 38
820518 12
820979 49
821059 0
821165 37
821400 48
821484 0
821528 38
822183 16
822663 34
822855 48
823018 1
823268 33
823444 4
823825 24
824520 16
825086 32
825258 20
825697 47
825777 27
825943 41
826222 1
826256 5
826257 26
826993 10
827554 40
827633 33
827748 29
828009 4
828118 37
828689 23
828885 37
828934 11
829272 49
829862 9
829961 10
830113 46
830592 29
830682 12
830780 46
831031 11
831064 25
831205 48
831668 21
831806 1
831901 49
832380 28
832510 29
832994 25
833050 25
833111 49
833557 10
833669 31
833832 6
834056 36
834242 44
834289 14
834751 41
834879 42
834941 30
835333 34
835353 12
835414 40
835873 48
836011 13
836174 17
836411 49
836607 30
836707 28
837078 9
837146 17
837261 35
837760 20
837817 37
838365 8
838521 39
838553 41
838997 12
839036 31
839207 21
839586 22
839761 26
839788 38
840004 16
840111 14
840145 22
840652 9
840837 41
840969 12
841397 9
841440 12
841970 31
842023 20
842158 8
842548 34
842615 25
842755 20
843087 33
843271 40
843463 39
843794 30
843886 14
844026 33
844212 1
844284 22
844400 36
844883 23
844946 16
845076 45
845454 8
845475 46
846096 15
846257 23
846374 12
846609 13
847296 23
847326 12
847477 11
847838 40
847971 8
848150 4
848439 42
848468 1
848653 32
849097 23
849106 13
849226 29
849750 26
850338 16
850380 12
850480 18
850997 22
851569 16
851738 12
851814 1
852094 13
852279 16
852403 12
852710 3
852906 45
852966 20
853283 16
853834 39
854581 0
854725 19
854774 39
855139 17
855169 15
855323 25
855763 17
855785 30
855811 35
856209 29
856231 17
856320 38
856824 16
856982 0
857048 32
857514 46
857587 47
858140 12
858229 12
858367 46
858691 10
858820 32
858924 24
859228 14
859361 11
859975 29
859995 23
860172 3
860511 21
860688 36
860878 32
861051 35
861066 47
861081 45
861670 31
861797 45
861910 12
862389 29
862504 29
862591 42
862802 33
862861 3
862863 13
863405 44
864149 13
864634 27
864672 11
864846 6
865258 19
865401 21
865448 13
865870 2
866475 3
866534 9
867184 3
867218 5
867221 32
867791 37
867925 31
868087 17
868345 0
868389 22
868513 21
868949 46
869085 5
869186 44
869413 42
869549 37
870035 25
870210 5
870287 26
870657 34
870845 46
870857 41
871227 9
871272 38
871289 1
871853 18
872022 16
872045 31
872528 47
872692 32
873073 44
873194 49
873281 31
873778 47
874353 44
874534 43
874984 36
875040 41
875234 14
875463 39
875526 28
875711 29
876058 40
876242 10
876253 43
876744 1
877210 37
877369 18
877976 13
878004 12
878463 2
878496 32
878682 18
879122 1
879278 13
879293 28
879713 16
879883 45
879925 29
880318 8
880481 3
880613 4
880872 35
880902 3
881096 45
881559 39
881639 16
882011 7
882083 31
882261 18
882729 0
883350 3
883460 23
883528 7
883943 37
884018 13
884586 4
884715 48
884811 25
885107 40
885661 33
885681 44
886376 15
886467 17
886953 17
887469 10
888108 43
888221 27
888653 0
888829 45
889357 33
889477 45
889567 39
889837 13
889917 16
889990 42
890489 8
890610 30
890772 4
891159 40
891737 37
891836 40
892218 32
892224 15
892285 35
892857 11
893557 25
893737 5
893911 16
894016 26
894131 49
894252 36
894747 18
894906 38
894931 14
895200 30
895947 2
896137 7
896164 22
896440 5
896441 40
896611 35
897017 43
897024 20
897140 21
897621 26
897656 25
897832 5
898229 18
898382 6
898573 7
898989 48
899167 13
899341 16
899496 43
899558 47
899687 12
900138 11
900296 43
900410 24
900716 24
900807 11
900980 17
901383 45
901515 34
901670 43
901892 7
902460 12
903137 33
903169 41
903331 19
903649 17
904385 7
904433 42
904527 12
904876 6
904880 46
904970 16
905503 46
906179 12
906294 18
906451 8
906663 33
906780 44
906963 17
907229 23
907999 40
908058 3
908193 49
908518 31
908571 23
908640 44
909036 27
909069 38
909171 9
909759 25
910260 35
910396 39
910423 47
910951 34
911150 16
911564 22
911620 26
912035 7
912163 27
912353 3
912618 1
913248 31
913365 9
913536 38
913888 46
914524 17
914708 37
914836 19
915051 24
915136 28
915702 42
915857 30
916247 15
916431 40
916455 12
916854 15
916924 23
917056 7
917596 11
917697 46
918200 18
918286 1
918374 34
918673 39
918838 38
918893 19
919290 10
919331 25
919481 33
919811 28
920516 29
920590 20
920649 41
921158 47
921181 45
921339 2
921744 42
921791 17
921907 24
922304 5
922314 1
922381 40
922970 7
923086 25
923263 20
923488 16
924037 12
924611 40
924688 35
924738 45
925303 18
925429 2
925862 16
926549 22
926634 33
926827 30
927007 45
927167 12
927189 35
927721 30
927773 23
927797 7
928340 37
928456 6
928636 45
928951 1
929006 34
929088 4
929420 30
929592 0
930180 15
930234 34
930357 40
930616 7
930617 14
930724 3
931331 35
931407 32
931987 5
932021 41
932117 22
932421 14
932476 31
933097 40
933144 10
933222 18
933698 40
933699 25
933816 2
934318 24
934380 5
934877 9
934979 46
935002 49
935484 0
935533 24
935733 44
936060 9
936166 25
936356 33
936798 0
937286 3
937892 37
938444 37
938543 2
938544 23
939080 43
939159 21
939343 43
939730 17
940300 21
940408 22
940975 22
941161 48
941319 25
941464 30
941597 34
942145 5
942253 37
942310 33
942730 25
942821 43
942859 38
943303 22
943991 41
944166 17
944326 2
944485 23
944530 5
944683 21
945067 42
945219 43
945312 3
945756 30
945812 45
945857 45
946264 35
946872 34
946914 12
946992 27
947514 22
947616 13
947804 30
948022 19
948215 0
948378 36
948640 24
948736 30
948745 41
949335 32
949342 44
949441 37
949993 37
950128 26
950521 23
950537 5
950595 13
951163 41
951242 38
951263 43
951740 45
951936 39
952024 18
952377 47
952560 18
952631 37
952859 41
952900 31
953046 0
953476 38
953670 19
953800 47
954035 0
954151 23
954338 1
954637 27
954760 44
954897 11
955241 22
955274 29
955454 10
955847 40
956528 23
956705 23
956853 16
957044 34
957095 27
957155 28
957702 1
957738 17
957783 10
958336 11
958478 25
958484 23
958884 35
959040 46
959084 41
959406 28
959560 28
959580 28
960158 0
960274 33
960636 0
961234 1
961357 12
961481 45
961985 40
962013 47
962402 37
962530 6
962567 8
963163 5
963259 36
963309 45
963780 41
963950 2
964109 46
964283 42
964302 42
964956 33
965070 32
965070 21
965516 23
965540 1
965598 21
966085 38
966222 1
966330 44
966606 38
966739 10
966811 24
967376 12
967397 36
967805 15
967954 26
968506 0
968533 31
968692 0
969006 27
969088 36
969269 43
969789 26
969925 20
970077 7
970336 33
970819 17
970904 21
970955 6
971411 20
971540 44
971547 37
972097 7
972734 12
972824 17
973002 6
973216 0
973981 43
974542 29
974643 19
975040 27
975052 12
975208 0
975717 44
975801 17
975952 7
976345 9
976411 46
976577 45
976966 4
976973 14
977047 13
977465 2
977625 29
977790 41
978045 19
978150 38
978745 11
979368 30
979522 40
979705 31
979801 39
979941 11
980029 39
980530 20
981169 9
981365 5
981558 17
981774 22
981864 1
982273 8
982897 17
982932 4
983432 32
983450 11
983508 47
984073 13
984127 2
984136 26
984692 18
984851 31
985292 6
985480 15
985496 41
985865 6
985981 2
986158 36
986530 18
986695 43
986711 47
987119 32
987276 18
987789 40
987824 41
987837 15
988327 40
988924 1
989021 44
989464 9
989653 42
989832 30
990009 19
990012 20
990052 29
990700 20
991313 5
991482 9
991911 30
992093 27
992594 19
992615 40
992644 1
993127 21
993281 8
993407 12
993630 40
993746 44
993879 19
994332 7
994443 42
994626 29
994974 43
995120 20
995436 33
995534 4
995626 40
996103 17
996262 46
996395 28
996782 11
996898 37
997010 49
997320 14
997435 18
997609 35
997963 30
998462 0
998614 29
998679 40
999003 7
999662 24
