98 19
178 27
322 11
770 15
1362 6
1382 28
1551 2
1841 26
1939 4
2061 26
2548 13
3167 14
3796 14
3991 23
4123 26
4269 0
4304 9
4426 26
4818 23
4860 21
4958 29
5524 24
5542 14
5739 9
6017 22
6206 0
6344 5
6796 15
6893 28
6928 29
7315 7
7318 21
7360 20
7992 12
8163 25
8514 21
8564 6
8664 18
9037 11
9703 10
9808 21
10373 14
10505 15
10575 9
10856 15
11448 9
11494 5
11678 23
12028 18
12132 23
12306 3
12675 29
13321 12
13513 25
13578 20
13979 17
13994 14
14112 7
14591 4
14609 23
14784 21
15037 27
15158 5
15298 3
15776 24
16228 16
16844 26
17418 19
17510 15
18052 21
18604 26
18793 23
18814 16
19200 11
19808 20
19936 14
20122 1
20565 28
20725 0
20897 26
21026 19
21766 27
21795 19
21889 21
22399 22
22595 11
22648 9
22869 29
22948 13
23525 7
23714 10
24114 0
24750 18
24827 18
24962 19
25260 18
25925 6
26526 10
26674 11
26829 3
27001 20
27192 23
27204 20
27729 12
27797 11
27847 25
28300 9
28987 16
28992 29
29186 5
29479 5
29630 27
29747 13
30165 4
30304 4
30491 6
30685 22
30818 19
30829 8
31295 28
31959 4
32087 26
32196 11
32527 21
32698 7
32812 15
33189 7
33334 6
33433 23
33741 25
33853 18
34045 18
34259 17
34443 24
34622 28
34979 19
35005 27
35140 29
35442 21
36101 16
36665 25
36740 24
36880 0
37314 23
37880 2
37940 20
38435 18
38459 2
38604 2
39156 25
39251 21
39284 23
39667 11
40223 10
40313 11
40480 27
40972 2
41168 6
41253 19
41589 14
42030 13
42131 11
42700 16
42712 4
42739 12
43288 14
43415 8
43580 5
43884 21
44515 11
45133 12
45772 12
45969 25
46042 10
46351 16
46445 26
46578 25
46892 26
47018 3
47108 0
47541 21
48056 3
48229 0
48312 11
48786 9
48939 20
49138 17
49214 13
49850 27
49853 17
50046 19
50444 24
50540 25
50557 13
51161 29
51329 22
51330 13
51783 0
51857 12
52045 19
52344 12
52926 21
53062 7
53148 21
53451 18
53517 1
53646 8
54075 19
54135 15
54311 2
54663 1
54775 1
54916 22
55286 13
55352 8
55494 9
55882 11
56027 4
56175 10
56532 25
57127 6
57151 18
57174 27
57785 1
57787 7
57966 2
58249 2
58871 15
58929 21
59587 27
59696 18
59741 28
60103 13
60175 11
60326 19
60711 13
60733 27
60770 2
61363 17
61495 24
61692 26
61997 16
62434 14
62483 9
62540 0
63059 17
63749 9
63850 15
63943 22
64209 13
64358 14
64556 29
64973 9
65132 14
65329 15
65468 11
65543 18
65604 22
66124 3
66239 1
66387 15
66789 0
66800 14
66959 18
67369 27
67395 18
67525 10
67955 13
67983 25
68050 9
68578 1
69175 26
69373 26
69469 1
69718 25
69817 2
70202 4
70344 10
70477 10
70911 0
71076 2
71267 17
71508 3
72183 3
72338 4
72518 23
72694 4
72882 9
73053 0
73373 25
73418 28
73571 18
73903 26
73968 15
74155 29
74492 9
74575 13
74636 5
75021 24
75042 8
75209 12
75739 11
76334 16
76340 10
76522 13
76842 29
76904 14
76993 27
77415 26
77578 8
77607 15
78059 22
78204 0
78267 9
78706 29
78905 17
79016 0
79238 20
79959 16
80565 18
81186 0
81238 25
81300 20
81793 14
82282 23
82408 8
82468 25
82890 26
82973 20
83525 6
84008 16
84790 28
85338 3
85994 5
86155 28
86336 26
86445 4
87140 27
87686 6
87708 24
87751 21
88319 17
88928 9
89042 18
89184 26
89494 20
90080 28
90191 10
90230 3
90623 8
90687 11
91366 17
91544 1
91684 14
91899 21
92014 26
92054 22
92503 21
93116 16
93273 5
93293 4
93694 15
93804 1
93928 24
94306 19
94313 8
94383 17
94856 14
95051 1
95240 18
95509 4
95612 9
95670 3
96091 3
96768 13
97310 7
97406 10
97488 26
97999 16
98138 15
98157 19
98524 12
98635 18
98660 0
99060 8
99107 29
99787 14
99869 27
99886 21
100269 0
100286 29
100478 1
100806 16
100990 2
101493 19
101688 5
102043 1
102188 3
102369 25
102796 22
102879 7
103287 18
103849 26
104032 26
104116 26
104491 15
104498 24
104691 6
105127 28
105310 20
105370 13
105720 24
105835 19
105956 3
106343 24
106827 1
106993 21
107081 13
107503 3
107661 0
107712 17
108081 27
108119 21
108269 21
108612 10
109202 11
109229 28
109899 9
109951 21
110129 20
110504 23
110662 9
110731 22
111139 29
111155 2
111343 26
111729 0
111876 0
112388 11
112450 12
112943 27
113019 19
113025 1
113551 22
114180 5
114648 9
114697 26
114738 10
115395 0
115494 11
115557 21
115867 11
115897 24
116511 15
117191 3
117211 22
117275 29
117771 4
117825 23
117964 28
118246 17
118428 18
118585 2
118883 15
118962 25
119015 22
119585 11
120039 29
120078 17
120142 6
120609 12
120729 8
120773 0
121364 18
121377 25
121404 10
121905 24
121972 4
121995 26
122425 23
122581 15
123149 14
123319 12
123642 9
123835 5
123992 13
124369 28
124448 21
124804 15
124807 8
124826 24
125578 28
125638 19
126175 4
126202 22
126260 22
126757 8
126934 14
127132 6
127204 5
127367 18
127374 23
127837 26
128035 9
128086 10
128480 14
128575 11
128686 16
129143 5
129188 5
129197 17
129600 23
129778 26
129944 24
130332 6
130350 17
130352 8
130949 18
131052 14
131599 21
131781 26
131848 24
132058 2
132692 1
132802 26
132961 25
133296 26
133327 8
133403 22
133979 4
134452 6
134516 17
135083 20
135159 8
135311 11
135643 18
135695 0
135866 2
136264 25
136321 19
136946 2
136977 11
137158 23
137430 17
137543 29
137665 16
138081 10
138779 24
138917 6
138958 22
139326 18
139852 19
139932 25
140407 12
140521 17
140640 17
141110 0
141140 2
141679 3
141766 27
141916 27
142310 14
142335 17
142433 13
142866 8
142882 20
143596 11
143686 27
143828 9
144195 0
144665 13
144811 21
144874 14
145231 5
145327 17
145507 16
145962 21
146147 2
146341 28
146500 25
146506 2
146691 13
147041 24
147769 24
147800 15
147990 24
148306 25
148365 8
148819 24
148914 26
149076 25
149496 17
150013 4
150094 24
150144 6
150657 11
150793 10
151395 15
151592 20
151679 2
151872 12
152006 4
152144 14
152447 0
153153 22
153677 11
153877 20
154072 15
154330 8
154906 11
155403 16
156116 29
156688 20
156830 13
156992 14
157254 9
157430 6
157554 3
157810 28
157875 21
157998 0
158535 1
158703 3
158852 7
159172 7
159604 17
159625 9
159816 21
160372 18
160439 18
160596 4
160845 7
160911 18
160919 1
161430 16
161579 21
161652 26
162012 1
162180 18
162356 26
162800 15
163244 25
163270 25
163434 19
163837 25
163921 2
163954 29
164442 4
164460 7
164525 29
165106 2
165276 25
165426 7
165680 25
165736 18
166331 5
166850 16
167538 4
168199 20
168252 21
168642 8
168766 22
168813 21
169212 8
169891 15
169972 7
169975 13
170486 8
170670 1
170719 17
171006 5
171192 29
171270 21
171631 23
171821 28
172210 19
172267 29
172384 29
172898 7
173061 22
173218 2
173564 2
173630 2
173698 5
174105 17
174282 4
174452 20
174767 21
174853 15
174865 2
175323 5
175329 13
175865 26
175908 26
176050 5
176588 22
176639 20
176691 2
177035 4
177204 25
177399 29
177729 27
178245 25
178270 8
178379 16
178824 18
178844 20
178954 10
179425 24
179499 26
180015 13
180167 23
180335 20
180671 15
180672 13
180864 23
181365 10
181518 11
181692 28
181936 26
182590 9
182614 14
182684 14
183064 29
183255 12
183266 24
183618 18
184369 7
184462 9
184491 14
184952 23
185534 21
186139 12
186284 6
186315 0
186739 17
186798 7
186858 20
187248 11
187380 21
187985 0
188176 27
188204 19
188542 27
188718 22
188721 12
189096 12
189795 25
189867 10
189922 11
190311 20
190478 10
190544 28
190969 28
191128 9
191207 9
191580 27
191751 21
191849 1
192016 23
192194 13
192233 20
192605 7
192704 21
192711 14
193309 4
193402 8
193412 6
193925 1
194000 24
194458 26
194460 18
194547 24
195030 12
195105 21
195291 8
195744 0
195837 9
195998 8
196295 5
196352 25
196440 4
196827 23
197014 10
197192 17
197538 17
197640 18
198030 28
198064 15
198630 21
199350 23
199442 18
199565 15
199901 7
200082 19
200109 26
200546 1
200591 22
200693 16
201142 8
201627 8
201670 5
201695 12
202298 5
202384 29
202535 7
203000 11
203032 17
203140 16
203442 14
203563 5
203574 17
204093 12
204193 29
204387 3
204782 15
204827 10
205233 28
205271 21
205298 2
205851 27
206050 18
206446 28
206564 1
206614 19
207120 22
207319 5
207728 2
208358 10
208395 22
208397 2
208992 25
209162 16
209204 6
209511 27
209558 21
209679 11
210072 10
210124 28
210198 17
210633 27
211204 16
211348 15
211827 12
211848 14
212504 3
212659 3
212666 15
213109 22
213722 21
214205 12
214226 29
214309 2
214983 9
215570 2
215704 4
215887 0
216003 14
216154 11
216201 26
216665 24
216821 20
216893 24
217231 28
217891 16
217938 11
218030 22
218576 17
218625 29
219089 29
219628 22
219778 0
220382 28
220834 12
221507 14
222032 4
222777 4
223350 19
223428 7
223580 26
223811 0
224459 23
224563 0
225128 5
225787 9
226350 10
226526 14
226701 29
226829 2
226923 13
226984 8
227530 13
227571 26
227576 18
228100 10
228198 24
228383 22
228633 19
229276 4
229305 24
229505 25
229894 1
229930 6
229944 18
230510 2
231188 28
231206 5
231666 9
231760 9
231945 5
232356 4
232467 19
232646 15
232934 0
232986 22
233168 8
233421 22
233504 18
233695 22
234032 1
234102 22
234265 4
234604 10
235312 1
235465 28
235481 0
235946 28
236599 3
236672 25
237046 14
237207 15
237395 22
237633 3
238396 15
238414 15
238604 16
238813 6
239009 16
239113 27
239518 23
239572 4
240110 22
240178 15
240187 20
240763 1
240808 10
240846 8
241329 20
241887 0
241897 10
242095 26
242590 22
243047 4
243691 8
243844 8
244369 19
244419 16
244466 2
244801 25
244902 9
245479 16
245500 19
245675 11
246016 28
246604 9
247376 22
247461 26
247596 11
247990 2
248096 29
248190 23
248481 29
249041 10
249129 29
249622 15
249772 14
249920 29
250227 26
250370 18
250550 8
250817 9
250874 8
250910 7
251468 2
251566 28
251744 1
252192 20
252239 0
252305 26
252690 6
252820 11
252837 15
253240 16
253411 16
253432 25
253947 20
253995 29
254519 3
254531 10
254719 3
255072 21
255073 4
255122 18
255723 2
255846 22
256011 3
256277 0
256990 23
257405 16
257597 14
257609 0
258088 16
258229 16
258324 20
258781 10
258801 22
258955 21
259332 0
259917 8
260564 6
260712 21
260799 18
261092 5
261227 29
261338 13
261671 27
262334 5
262507 4
262536 16
262835 17
262923 24
263014 25
263439 23
263623 21
263660 7
264137 20
264247 19
264326 12
264728 7
265348 21
265447 8
265621 16
265924 27
266104 4
266200 23
266554 14
267032 26
267048 8
267128 29
267721 7
267765 12
267783 7
268239 7
268435 7
268819 5
268970 13
269081 24
269489 22
269680 15
269704 10
270151 25
270315 9
270378 6
270728 26
270822 5
270960 18
271382 26
271549 25
271578 19
271924 0
272528 3
273025 4
273746 13
274394 2
274895 25
274993 25
275182 25
275444 25
275550 1
276146 10
276249 7
276422 14
276706 12
276817 20
276953 26
277367 11
277367 18
277548 14
277918 10
278514 23
279013 26
279083 12
279283 25
279601 8
279669 21
279854 11
280381 22
280538 9
280698 15
280938 1
281006 21
281140 11
281468 6
281480 18
281502 12
282019 5
282024 2
282104 28
282782 17
283372 5
283442 20
283591 4
283832 8
283973 17
284115 19
284513 27
285124 13
285155 15
285625 13
285637 24
285685 18
286394 27
286471 2
286543 19
286963 22
287029 5
287530 23
288014 1
288077 29
288257 10
288770 8
288888 5
289000 18
289290 20
289490 28
289660 0
289898 11
290009 9
290171 22
290543 10
290701 25
290884 3
291056 26
291181 4
291253 9
291693 6
291803 14
291940 18
292380 4
292864 29
293538 23
293558 0
293627 2
294039 1
294197 29
294626 11
294671 29
294753 20
295357 11
295421 2
295499 11
295921 25
296058 3
296128 8
296545 10
296708 26
296861 20
297035 22
297647 16
298333 25
298482 12
298655 11
298960 27
299546 26
300040 7
300083 27
300121 11
300625 7
300710 17
300779 27
301326 18
301330 17
301876 10
301926 19
302003 16
302575 1
302588 9
302727 18
303111 1
303288 16
303427 18
303752 8
304239 10
304313 18
304384 10
304961 8
305104 8
305289 8
305444 20
305548 21
305643 3
306066 20
306104 27
306243 12
306710 12
307275 27
307335 21
307923 14
308046 28
308229 28
308457 1
309077 28
309248 12
309392 16
309631 19
310243 29
310399 6
310572 1
310815 2
310845 26
310923 6
311593 12
312181 14
312253 3
312797 24
312962 9
312994 6
313372 25
313567 29
313658 8
313959 11
313959 7
313966 14
314494 21
315078 20
315196 7
315338 29
315682 9
315832 27
316322 3
316479 3
316512 15
316804 24
316806 15
316855 9
317517 13
317643 14
318175 10
318225 24
318621 21
318650 7
319203 11
319816 15
319882 4
319932 9
320405 29
320545 18
320552 8
321033 7
321792 10
321979 2
321984 28
322321 27
322404 17
322523 4
322862 3
322906 27
323066 20
323596 4
323629 13
323674 5
324019 23
324057 12
324075 17
324790 29
324948 0
324999 5
325283 23
325826 25
325926 11
326475 23
326583 10
327006 21
327177 16
327356 26
327636 25
327696 15
327848 1
328339 27
328508 21
328632 29
328877 16
329071 17
329190 12
329542 26
329686 19
329791 14
330035 14
330198 2
330782 19
330853 0
331330 21
331358 2
331978 20
332028 20
332138 21
332412 4
332543 29
333021 8
333711 10
333909 4
334275 27
334293 20
334299 9
334811 12
335594 15
335649 25
335660 0
336119 27
336147 16
336183 15
336754 23
336858 23
337239 9
337341 3
337910 26
338005 5
338176 6
338434 5
338492 25
339136 10
339281 7
339390 28
339659 23
340363 28
340818 28
340828 18
340984 16
341403 19
341461 9
341587 8
342044 18
342130 14
342259 4
342679 15
342823 27
343265 19
343368 0
343458 25
343965 17
344133 23
344236 10
344544 6
344689 15
344778 2
345100 25
345177 18
345700 3
346306 2
346839 3
346915 8
347589 22
348200 20
348279 0
348450 17
348665 22
349357 6
349820 0
350589 18
350716 13
351119 18
351677 24
351832 13
351913 2
352299 27
352391 28
352566 17
352985 20
353561 25
353635 17
353808 5
354107 23
354207 8
354752 6
355282 8
355324 21
355951 27
356597 10
356693 5
357071 13
357211 18
357372 24
357661 17
357835 14
357865 9
358313 3
358370 1
358510 26
358814 17
358857 8
359450 13
360112 1
360311 5
360424 2
360723 19
361339 27
361930 29
362055 4
362192 8
362481 13
362545 4
362622 18
363144 15
363634 13
363741 21
364202 7
364397 6
364517 17
364895 13
365018 13
365184 19
365443 24
365552 16
365736 23
366104 2
366190 19
366273 28
366724 2
366839 28
367226 25
367305 18
367355 20
367900 6
368595 19
368690 8
368738 0
369178 21
369340 3
369411 6
369780 16
369892 24
369939 12
370269 4
370369 26
370509 6
370894 22
370933 11
371121 28
371545 23
371564 15
371599 17
372084 0
372179 6
372771 0
372791 20
372844 1
373346 17
373528 13
373901 27
373974 24
374035 17
374593 3
375144 24
375242 1
375392 16
375647 11
375716 25
375778 17
376210 6
376235 20
376382 23
376885 1
376926 27
376931 3
377428 24
377506 16
377645 20
378070 6
378236 22
378326 13
378714 2
378845 12
379222 16
379376 9
379864 28
379978 0
380581 1
380637 5
381034 19
381657 15
382214 17
382254 28
382927 19
383060 2
383240 5
383530 25
383707 4
383741 19
384079 26
384258 26
384639 28
384694 24
384893 24
385385 11
385456 17
385464 19
385949 18
385949 20
385989 27
386414 29
386550 19
386647 29
387153 20
387170 3
387688 4
388374 10
388977 17
389173 0
389324 16
389516 13
389554 24
389618 26
390127 26
390275 4
390410 13
390749 1
391341 23
391466 0
391495 9
391906 20
391960 8
391994 23
392443 27
392506 16
392689 4
393179 2
393267 23
393395 13
393619 13
393771 27
394217 8
394331 5
394348 20
394860 24
395055 25
395144 13
395429 3
395475 22
395499 5
396072 7
396095 5
396156 4
396776 24
396787 23
396851 9
397321 17
397516 24
397830 8
398590 29
398622 28
399195 9
399664 19
399707 9
399758 5
400208 6
400994 17
401175 3
401414 7
401564 11
401764 27
402028 7
402776 28
402829 25
403014 3
403244 1
403820 21
403943 1
404078 19
404508 29
405043 7
405147 11
405609 20
405669 3
406303 1
406410 25
406851 11
407531 24
407674 19
407697 25
408161 22
408252 3
408316 5
408692 16
408747 11
409340 20
409811 18
409923 8
410588 9
410671 2
410809 17
411109 12
411652 17
411745 3
411835 20
412240 4
412253 0
412437 17
412819 1
412819 3
412965 23
413534 8
413564 24
413736 24
414179 12
414352 18
414513 4
414619 28
414620 26
414799 3
415201 4
415400 26
415548 22
415921 2
415957 24
416104 2
416470 11
417060 10
417062 8
417135 13
417788 29
418205 10
418263 29
418285 6
418820 29
418957 18
418971 29
419485 25
419577 11
420102 5
420130 28
420150 8
420769 29
421270 13
421355 23
421926 13
422062 1
422068 13
422426 9
422427 14
422612 17
423090 3
423154 22
423192 15
423780 25
424343 27
424526 24
424885 17
425568 18
425747 0
425875 0
426103 13
426133 8
426303 5
426710 13
426811 11
426966 27
427384 0
427544 28
427660 6
427965 18
427981 27
428112 21
428459 18
429015 8
429119 19
429139 3
429781 26
430262 6
430404 20
430419 25
430987 6
431180 10
431256 6
431500 8
431672 17
431863 4
432021 4
432082 22
432274 20
432631 23
432695 29
432732 22
433306 9
433372 26
433523 14
433871 2
434005 2
434537 13
434630 14
435031 7
435150 9
435211 25
435635 5
435759 1
436229 24
436332 2
436497 23
436982 13
437474 4
437614 8
438143 19
438277 1
438465 12
438614 21
439291 4
439809 18
440544 2
440654 19
441011 21
441197 0
441348 19
441601 20
441628 24
441828 26
442316 5
442370 21
442519 22
442998 15
443055 27
443188 14
443570 16
443743 16
444053 7
444081 23
444145 12
444641 25
444671 28
444714 19
445330 28
445335 6
445348 2
445872 15
445881 6
446018 21
446581 3
446602 24
446687 21
447144 13
447302 29
447398 15
447609 9
447623 29
448304 10
448465 6
448634 8
448892 22
449498 1
449591 17
449791 9
450085 7
450114 10
450180 3
450655 5
451254 22
451280 13
451290 27
451953 7
451957 15
451995 19
452577 10
452771 0
452826 22
453086 3
453161 7
453286 18
453619 3
453715 19
453856 11
454243 25
454849 24
454939 9
455430 19
456099 14
456108 20
456238 28
456654 1
457317 17
457494 2
457570 3
457937 1
457994 12
458091 17
458512 23
458692 13
458853 11
459130 19
459309 21
459434 24
459797 3
459942 18
460010 18
460262 25
460456 12
460490 8
460966 23
461049 7
461083 6
461461 19
461575 23
462079 1
462256 1
462294 29
462669 9
462775 26
462897 21
463397 13
463554 1
463573 18
463998 3
464409 14
464442 15
464471 5
465029 29
465089 6
465260 3
465711 14
465840 20
466347 22
466475 25
466664 0
466923 26
466947 20
467041 15
467571 27
467759 6
467959 1
468016 0
468099 5
468214 19
468789 28
468877 17
469072 15
469247 8
469373 24
469861 29
470452 14
470550 24
470642 22
471133 29
471228 19
471332 28
471648 24
471743 11
471834 11
472203 12
472864 5
473030 27
473095 20
473506 23
473512 10
473612 15
474014 8
474092 20
474777 22
474921 5
474935 14
475252 8
475324 7
475368 6
475829 6
475993 26
476465 24
477024 11
477206 21
477254 0
477754 8
478232 29
478378 12
478998 29
479031 25
479231 29
479415 12
480120 24
480258 16
480280 16
480722 8
481208 20
481397 27
481569 24
481936 22
481946 12
482092 21
482417 14
482480 14
482587 0
483162 3
483169 7
483723 1
483817 28
484398 28
484929 15
484983 21
485407 24
485508 20
485512 27
486130 19
486136 1
486294 19
486717 19
486803 12
487323 23
487499 25
487645 28
487883 6
488502 2
488683 3
488837 3
489164 29
489192 9
489199 9
489798 0
489829 23
489998 12
490207 0
490244 2
490335 8
490808 8
490875 4
490908 11
491438 5
491624 16
491748 29
492143 18
492179 12
492225 8
492794 22
492896 28
493027 22
493364 14
493472 27
493492 21
493810 18
493835 23
494017 5
494440 7
494441 0
494521 8
495192 21
495343 7
495515 7
495635 7
495636 26
495712 3
496289 12
496484 4
496819 28
496866 8
496976 27
497467 23
498176 0
498252 6
498608 29
498631 0
498645 14
499244 21
499831 27
499911 25
499946 6
500593 22
500749 21
500899 8
501154 1
501257 8
501291 22
501708 21
501835 24
502011 14
502279 29
502315 11
502321 12
502975 10
503006 23
503102 29
503547 20
503700 0
503829 10
504049 5
504135 20
504325 26
504673 28
504777 8
504920 18
505200 26
505888 18
505960 28
506428 2
506567 5
506763 5
507153 25
507289 8
507377 6
507763 4
507869 10
508017 23
508344 8
508471 18
508614 6
508886 13
508930 6
509129 16
509414 3
510078 25
510137 14
510206 10
510688 23
511236 27
511365 6
511553 22
511922 22
511988 13
512188 15
512513 16
512576 28
513109 29
513735 28
514241 10
514354 18
514470 6
514859 0
515056 29
515125 8
515503 27
515546 7
515682 9
516119 24
516270 28
516270 5
516662 6
516798 10
516939 2
517294 3
517398 25
517504 18
517883 9
518030 19
518080 14
518504 13
518642 1
518806 13
519181 5
519373 11
519516 0
519671 11
520311 18
520813 17
520837 21
520978 14
521453 28
521651 12
521777 24
522160 25
522223 1
522388 29
522647 12
522761 8
522815 12
523309 9
523439 24
523877 3
524539 25
524720 12
524865 27
525156 8
525316 23
525361 12
525659 19
525786 7
525867 10
526270 1
526878 29
526963 27
527143 27
527576 16
527646 28
527663 29
528080 15
528140 4
528630 13
528680 21
528863 0
529279 19
529966 24
530525 15
530606 9
530789 26
531027 0
531080 18
531266 15
531751 17
531859 25
532001 8
532377 21
532392 19
532479 21
532972 14
533535 16
533694 19
533807 13
534016 14
534064 10
534250 17
534764 25
535306 16
535442 20
535459 10
535805 16
535942 25
536043 9
536566 29
536674 15
537177 22
537637 27
537826 15
538356 27
538522 19
538621 19
538880 27
539006 5
539055 29
539484 13
539531 6
539683 1
540013 21
540020 12
540175 6
540740 12
540806 20
540832 22
541218 4
541398 15
541577 12
541934 8
541952 9
542062 18
542463 10
542607 1
542805 3
543157 18
543307 7
543445 25
543707 4
543718 29
543738 7
544390 7
544492 2
544554 25
544967 12
545511 2
546191 9
546198 22
546339 1
546752 7
547339 22
547485 3
547620 14
547887 1
548086 5
548284 14
548467 25
548489 24
548680 19
549026 7
549119 19
549135 16
549778 19
549933 6
549967 16
550333 6
550424 5
550604 17
550839 19
550878 20
550960 0
551554 16
551603 29
552173 7
552369 10
552464 23
552776 22
552863 7
552983 27
553368 17
553374 13
553968 20
554075 11
554250 13
554413 3
554526 8
554548 13
555098 3
555174 5
555263 6
555630 23
555794 5
556369 1
556496 17
556500 29
556993 27
557101 6
557463 9
557551 25
558118 8
558317 28
558375 24
558644 9
558770 13
559263 21
559275 25
559324 0
559811 3
559912 8
559958 1
560490 15
560559 0
560732 4
561009 16
561751 25
561800 22
561921 24
562229 23
562243 3
562896 7
563557 3
563577 16
563584 6
564131 13
564180 6
564301 25
564772 22
564773 6
564960 27
565373 15
565501 15
565629 21
565882 19
565903 17
565990 26
566497 27
566610 27
566624 20
567101 6
567668 14
567710 12
567753 14
568270 15
568995 12
569082 11
569213 8
569548 11
569624 17
569709 26
570144 3
570226 28
570741 13
570861 27
570943 5
571387 3
571536 22
571678 6
571848 15
572035 15
572175 8
572417 17
572593 14
572678 9
573034 29
573116 28
573224 20
573622 29
573801 16
573932 21
574225 9
574231 15
574412 26
574833 4
574860 21
575014 22
575440 7
575610 8
576135 1
576178 8
576339 23
576607 4
576623 3
576679 29
577353 0
577447 1
578000 6
578182 0
578548 2
579176 18
579342 20
579447 21
579701 18
579734 11
579820 13
580377 24
580431 2
580511 5
580847 22
581024 19
581580 14
581639 2
582041 4
582210 15
582395 13
582798 14
582890 0
582979 2
583358 16
583517 8
583540 10
583906 19
584425 8
585051 27
585205 1
585405 23
585779 14
585831 23
585879 14
586282 2
586983 22
587115 23
587154 3
587496 13
587690 16
587781 0
588025 1
588713 5
588908 11
589090 9
589227 2
589388 1
589488 10
589934 14
589971 22
590489 17
590508 29
591039 14
591209 15
591343 16
591735 25
591894 10
592035 23
592249 17
592390 18
592554 11
592930 6
593550 15
593741 11
593846 9
594190 23
594338 20
594386 7
594652 8
594762 16
594809 19
595382 27
595543 3
595663 15
595962 26
596026 12
596524 23
596639 1
596775 19
597145 17
597770 29
597839 28
598002 9
598368 28
598484 17
598559 18
598870 29
598883 9
598957 26
599554 19
599724 29
599873 21
600032 2
600136 28
600199 16
600604 29
600642 16
600821 0
601387 15
601883 26
602015 8
602080 5
602573 23
602702 29
602901 29
603168 21
603257 17
603329 8
603703 25
603732 29
603785 24
604315 29
604916 16
605109 18
605220 12
605560 28
605663 7
606057 20
606239 18
606431 26
606615 24
607332 4
607940 25
608047 17
608174 27
608569 23
608651 25
609168 8
609170 2
609320 21
609678 22
609818 26
609827 14
610383 19
610392 7
610978 25
611472 21
611533 24
612027 27
612194 5
612281 3
612689 12
612860 18
613351 2
613487 14
613574 6
613977 6
614083 24
614439 0
614632 12
614798 26
615082 6
615157 5
615275 26
615636 13
615673 4
615821 15
616253 13
616844 1
616997 14
617095 12
617560 20
617574 17
617699 16
618166 22
618343 14
618753 7
618802 20
618922 11
619225 3
619260 28
619812 3
619882 27
620079 11
620435 28
620634 25
620751 18
621099 11
621127 19
621172 7
621795 6
621826 26
621970 27
622267 9
622869 12
623579 10
623655 8
623729 6
624059 10
624201 2
624310 4
624781 0
625387 8
625487 12
625673 2
625876 15
625910 20
626015 4
626561 25
626759 14
626924 8
627185 26
627296 17
627358 11
627715 12
627717 18
628218 9
628269 8
628376 10
628924 7
628954 24
629107 26
629434 4
629529 15
629726 10
630126 16
630752 7
630901 13
631006 5
631306 17
631331 18
631376 29
631902 25
632474 2
632585 26
632778 15
633057 24
633228 0
633318 21
633653 20
633831 18
634327 12
634470 18
634589 24
634916 29
635023 2
635140 6
635487 6
635625 4
635812 24
636009 25
636143 20
636318 7
636694 17
636834 3
636982 1
637303 1
637801 13
638583 21
638703 11
638703 10
639076 24
639091 14
639692 10
639745 0
639802 28
640279 15
640327 29
640502 20
640888 26
640975 29
641575 22
641678 19
641799 7
642096 27
642209 14
642270 19
642654 3
643352 29
643482 1
643665 3
643917 5
644022 8
644138 7
644554 2
644669 10
644805 13
645105 7
645164 17
645304 18
645655 26
645709 20
645801 21
646266 17
646898 1
647041 22
647156 16
647549 25
647589 15
647613 13
648129 5
648136 15
648212 20
648767 27
648830 27
649028 4
649321 6
649899 13
650001 19
650539 21
650720 1
650901 1
651114 22
651138 28
651266 17
651773 0
651966 6
652035 13
652218 27
652409 2
652588 18
652880 21
652910 10
653532 14
653678 6
653702 21
654032 13
654113 7
654279 7
654673 0
654684 25
654719 15
655234 17
655285 24
655291 26
655907 20
656077 12
656091 28
656561 1
656677 20
656699 21
657048 2
657100 20
657278 15
657701 24
658387 26
658464 12
658656 26
658894 11
658991 23
659043 9
659440 15
659566 19
659686 11
660142 2
660181 3
660361 17
660682 2
660804 13
660881 15
661309 16
661854 1
661981 5
662145 25
662442 4
662518 25
663161 19
663164 18
663168 2
663701 9
663757 19
664376 11
664421 20
664487 18
664940 21
665037 1
665580 16
666005 23
666641 19
667209 20
667222 29
667227 21
667946 4
667991 22
668094 26
668402 24
668522 14
669166 6
669688 4
669837 10
669958 27
670400 28
670547 29
670700 24
670896 23
671059 29
671427 3
672093 12
672199 10
672294 13
672686 1
672752 14
672761 22
673367 16
673484 18
673571 0
673937 21
673962 5
674588 8
674775 11
674929 8
675015 19
675756 8
675866 5
675961 19
676331 17
676358 8
676519 4
677000 9
677112 16
677594 16
677780 17
677825 7
678169 19
678791 25
678880 26
679378 18
679941 13
680135 4
680149 0
680484 0
681199 22
681371 10
681704 3
682219 7
682284 0
682451 27
682896 1
683026 13
683068 7
683415 14
683486 3
683578 27
684033 9
684681 19
684741 6
684762 24
685336 25
685500 0
685650 1
685838 24
686553 2
686579 2
686580 12
687181 22
687268 0
687275 17
687700 1
687757 27
687870 6
688238 28
688265 26
688273 2
688907 14
688917 29
689467 25
689534 22
690163 28
690286 13
690485 2
690660 19
690820 19
690969 21
691219 9
691287 6
691478 27
691887 26
692454 15
692625 24
693139 20
693282 4
693462 5
693750 19
693916 5
694003 5
694355 21
694873 0
695025 27
695185 15
695511 20
695701 8
696128 26
696162 8
696336 14
696620 15
696627 4
696760 17
697390 6
697498 9
697638 29
697992 22
698022 13
698134 5
698576 21
698720 26
698852 1
699119 21
699135 19
699744 8
699930 14
700007 19
700357 24
700556 1
700721 8
700914 16
700993 16
701035 29
701585 7
701598 12
701604 26
702171 22
702178 2
702269 17
702611 1
703342 18
703521 28
703600 18
703987 17
704030 6
704541 17
704712 19
704795 11
705035 0
705077 27
705264 20
705614 16
705718 14
705725 3
706343 18
706960 13
707112 11
707445 0
708189 0
708215 16
708603 26
708690 0
709400 2
709475 0
709527 2
709897 14
710491 29
710619 27
711183 7
711317 8
711719 8
711875 25
712036 18
712275 24
712443 20
712531 13
712828 19
712996 14
712996 23
713543 12
713727 8
713804 9
714045 15
714101 25
714140 24
714793 26
714835 13
714984 21
715309 9
715352 15
715893 4
716074 10
716151 16
716492 12
716680 23
716795 6
717170 28
717173 17
717189 27
717741 18
717781 29
717862 11
718201 26
718331 5
718372 29
718961 9
719073 8
719142 10
719526 28
719625 24
719721 2
720091 27
720108 7
720278 18
720728 20
721250 22
721273 15
721392 8
721899 5
722025 9
722223 26
722472 17
722507 1
723024 27
723137 5
723310 11
723765 24
724312 2
724369 27
724427 22
724901 29
724906 1
725080 15
725427 27
725529 1
725616 12
726167 26
726210 19
726319 28
726669 21
726679 3
726798 29
727259 8
727457 23
727634 2
727925 12
728027 29
728141 7
728465 19
728484 7
728658 9
729192 26
729675 27
729869 25
730024 8
730217 25
730358 10
730403 28
730894 13
731081 27
731124 27
731473 25
732010 25
732197 15
732283 8
732756 16
732815 26
732972 20
733365 25
733371 26
733401 12
733841 18
734019 6
734155 11
734594 23
734632 25
735120 28
735726 23
735812 25
735958 6
736262 21
736303 0
736864 13
736968 13
737541 22
737647 11
738038 10
738046 6
738691 25
739281 27
739355 23
739888 3
739939 20
740023 14
740436 27
741031 0
741083 5
741191 19
741793 17
741852 14
741974 9
742217 16
742272 28
742450 25
742848 22
742853 6
742873 25
743498 0
743636 21
743829 9
744128 23
744303 3
744328 0
744790 27
744872 1
744940 24
745233 12
745409 4
745550 17
745948 10
746003 12
746052 0
746404 7
747176 26
747180 14
747611 13
747750 4
747935 15
748241 3
748937 8
749111 29
749181 2
749513 15
749615 8
749782 4
750200 20
750706 13
750813 6
751011 29
751388 0
751495 18
751521 20
751955 16
752113 5
752219 4
752477 21
752526 18
752688 25
753192 9
753213 10
753380 24
753632 8
754327 13
754835 7
754995 22
755071 19
755504 24
756144 10
756164 1
756331 25
756715 11
756853 13
756858 1
757262 26
757843 4
758429 8
758482 18
758547 28
759077 1
759089 14
759094 5
759718 19
759742 8
759772 22
760242 29
760243 13
760265 4
760965 1
761023 5
761057 12
761586 12
761634 4
761730 21
762095 19
762101 2
762188 14
762774 6
762835 12
762903 5
763378 6
763845 6
763939 25
764071 24
764447 15
764599 4
765088 4
765232 9
765396 16
765690 2
765690 10
765717 16
766381 8
766861 15
767581 29
767652 29
767803 23
768119 21
768177 20
768319 23
768634 4
768833 16
769243 1
769901 25
770000 13
770129 2
770572 29
771009 12
771064 18
771226 13
771605 7
771749 15
771872 23
772248 7
772431 13
772588 15
772930 19
773436 8
773520 21
773531 5
774000 23
774042 25
774197 2
774774 24
774892 25
774988 7
775247 23
775892 12
776418 14
776467 27
776555 13
777158 18
777199 5
777307 25
777717 12
777899 3
778346 29
778544 8
778708 1
778982 3
779084 13
779113 10
779408 0
779594 27
779701 17
780092 0
780191 5
780792 26
780875 4
781235 12
781416 9
781814 29
781854 27
781989 7
782429 0
782547 23
782614 5
783196 29
783387 5
783417 6
783780 14
783821 25
784008 3
784233 24
784331 21
784402 18
784968 21
784995 26
785446 19
785489 4
785570 29
786164 21
786306 9
786424 0
786731 0
786789 1
786974 24
787252 7
787263 13
787302 10
787842 23
787992 9
788123 5
788497 18
788683 2
789045 15
789094 8
789633 18
789829 23
789936 10
790399 21
790811 22
790955 3
791043 13
791579 12
791621 23
791782 26
792199 20
792383 22
792605 24
792713 11
792881 28
793396 9
793537 23
793700 28
793960 20
794596 13
794718 28
794900 20
795055 14
795255 11
795266 6
795771 15
796373 11
796496 17
796672 23
796909 16
796958 22
797588 0
797748 5
798027 29
798028 27
798119 20
798661 14
798852 14
798955 23
799244 28
799375 23
799529 17
799936 29
800105 14
800215 17
800489 8
800555 17
800601 25
801052 18
801214 1
801318 17
801723 22
802268 16
802271 6
802429 12
802908 0
802967 10
803125 8
803596 0
804199 3
804253 0
804447 1
804783 5
804914 21
804935 28
805309 0
805483 12
805607 22
805929 2
806113 24
806286 23
806549 1
806741 21
806933 20
807003 6
807031 18
807090 13
807726 19
807760 6
807892 3
808317 0
808477 7
808954 3
809114 0
809274 3
809589 11
809725 9
809777 13
810148 0
810273 7
810471 24
810737 14
810766 6
810838 7
811230 20
811427 23
811927 15
811965 22
812088 6
812508 18
812679 0
812815 13
813128 23
813285 29
813444 18
813704 24
813757 27
813780 5
814300 22
814449 28
814585 17
814942 7
815401 1
815563 14
815723 25
816155 20
816770 24
816808 28
817239 9
817349 19
817820 25
817937 10
818423 19
818505 21
819121 3
819674 12
820332 18
820364 15
820404 16
820889 24
821589 16
821693 14
821719 15
822048 2
822207 22
822382 20
822776 0
822816 15
823311 8
823451 13
823460 4
823915 8
824026 0
824097 20
824429 10
824486 17
824493 17
825135 26
825265 25
825371 13
825708 6
825884 26
826039 1
826235 24
826282 25
826851 19
826860 12
827058 21
827514 3
827592 20
827712 10
828134 21
828324 3
828353 0
828780 29
828815 17
828933 26
829366 29
829914 22
830081 21
830123 1
830461 17
830509 23
830531 27
831103 22
831200 19
831391 17
831770 24
831828 23
832252 28
832266 13
832316 24
832856 28
833444 7
834099 10
834207 20
834780 27
835266 19
835318 29
835427 25
835934 2
836091 22
836536 0
836588 4
836783 27
837079 1
837722 23
837781 6
837793 24
838296 27
838371 9
838480 24
838843 18
839439 7
839558 17
839700 25
840131 19
840235 23
840321 17
840646 12
840793 15
840902 26
841318 20
841471 11
841556 24
841873 3
841903 0
841927 5
842460 10
842517 20
843074 2
843123 22
843227 8
843753 12
843946 0
844058 7
844317 21
844878 6
845459 10
845521 19
846122 21
846252 6
846359 25
846760 10
846936 2
847113 22
847397 3
847553 11
847901 15
848568 9
848703 25
848738 10
849010 1
849603 15
850237 15
850360 25
850466 10
850880 2
850934 11
850960 19
851550 28
851570 5
851591 0
852142 25
852207 18
852298 12
852713 16
852905 19
853067 27
853318 25
853432 6
853490 9
853896 9
854079 24
854205 23
854488 25
855163 3
855236 18
855353 27
855720 12
856392 23
856402 27
856484 24
856853 17
856856 7
857579 27
857692 5
857729 25
858066 28
858753 29
858830 14
858927 21
859290 13
859817 15
859905 28
860562 22
861105 15
861291 23
861382 18
861613 25
861631 12
861719 8
862331 14
862441 7
862584 14
862999 11
863038 22
863038 12
863574 13
863586 12
863606 29
864009 14
864133 9
864203 18
864739 5
864762 26
864776 2
865284 10
865410 29
865584 1
865859 20
866009 26
866174 18
866421 28
866585 19
866690 24
867111 1
867681 6
867756 16
867923 1
868362 13
868861 3
869048 11
869162 8
869505 27
869602 16
869696 15
870094 0
870172 12
870249 25
870720 22
870758 20
871323 18
871385 14
871520 3
871892 14
872029 10
872144 4
872537 8
872700 21
872861 27
873057 29
873213 4
873370 1
873613 13
873648 9
873658 20
874324 7
874461 26
874565 14
874862 5
875037 5
875103 17
875463 9
875636 4
875736 0
876026 24
876102 0
876294 22
876658 23
876840 19
876860 23
877248 6
877308 12
877454 24
877816 16
877998 1
878483 14
878539 2
878621 6
879107 29
879273 0
879447 4
879700 9
879729 27
879840 22
880267 7
880374 17
880504 2
880825 11
880840 23
881013 0
881437 9
881575 18
881755 12
882059 27
882149 23
882635 10
882653 19
882678 24
883309 23
883419 6
883589 19
883873 6
884497 16
884657 20
885063 14
885672 7
886287 26
886392 2
886433 3
886896 1
887079 23
887271 8
887473 2
887523 14
887528 20
888037 27
888161 14
888279 1
888786 29
888914 21
889046 27
889239 26
889812 23
889861 22
890057 28
890577 18
890638 9
890762 22
891166 7
891168 17
891699 9
891818 18
891890 0
892245 26
892317 15
892940 5
893024 9
893189 9
893469 13
893533 21
893563 2
894190 20
894193 8
894624 22
894802 27
894920 17
895234 11
895391 1
895402 25
895856 18
895864 25
895928 20
896454 17
897097 26
897253 16
897365 8
897760 1
898286 23
898460 22
898652 27
898850 20
898895 8
899005 28
899565 24
899668 6
899783 21
900180 1
900670 23
901317 23
901386 2
901450 4
901933 27
901943 16
902555 8
902652 16
903179 11
903229 8
903322 25
903605 3
903751 8
903826 5
904339 4
904494 25
904832 17
904974 5
905119 8
905493 18
905534 15
905700 10
906031 24
906218 23
906352 19
906714 10
906848 17
906861 16
907317 4
907354 10
907534 1
907885 17
907939 16
907960 22
908413 0
908560 8
908621 2
909021 5
909156 7
909687 3
909826 25
909879 0
910303 10
910834 6
911586 17
911605 26
912171 4
912351 5
912477 15
912606 0
912637 19
912802 0
913357 12
913549 6
913647 13
913849 16
914029 0
914195 26
914536 7
914672 17
914810 13
915025 22
915057 16
915143 22
915682 29
915798 13
915901 13
916312 13
916334 18
916417 13
917000 5
917413 16
918114 22
918195 14
918256 26
918712 8
918799 22
918815 23
919255 15
919353 4
919517 7
919967 22
920033 21
920516 23
921030 7
921106 12
921116 6
921782 25
921891 18
922073 13
922309 28
922343 26
922521 3
922992 10
923507 16
924067 6
924619 13
924797 19
924826 21
925357 10
925532 11
925715 16
925963 8
926138 11
926319 2
926411 0
926425 23
926523 11
927085 3
927151 2
927282 16
927714 23
927886 17
927903 25
928313 3
928378 3
928402 28
928863 29
929062 12
929165 21
929493 14
929622 23
930197 25
930264 21
930279 2
930793 8
930849 13
931006 2
931296 5
931320 12
931479 24
931818 9
931829 24
931893 15
932556 29
932561 16
932567 27
933025 8
933042 25
933115 24
933741 2
934281 2
934396 25
934876 13
934943 4
934951 12
935520 18
935614 11
936118 19
936672 15
936851 7
936866 24
937366 18
937418 2
937802 8
937888 9
937898 3
938528 16
939042 24
939684 4
939823 12
940203 25
940335 8
940989 22
941041 29
941151 4
941537 15
941662 7
941716 24
942025 22
942035 27
942085 7
942688 16
942777 8
943272 0
943454 6
943849 18
944471 15
945013 15
945166 5
945241 26
945798 29
945886 13
946243 13
946337 18
946368 10
946900 19
946914 9
947401 0
947427 18
947557 18
948016 26
948206 26
948352 27
948627 19
949393 22
949576 9
949725 15
949967 16
949970 10
950024 19
950469 16
950576 8
950686 29
951062 24
951620 28
952333 3
952334 10
952491 26
952842 28
952962 20
953158 3
953429 25
953438 20
953445 11
954072 28
954179 16
954340 7
954739 20
954840 19
955226 11
955927 26
956122 14
956591 0
957178 28
957312 6
957459 26
957615 19
957701 22
957781 11
958336 13
958386 19
958435 2
958801 28
958806 5
958933 19
959593 24
959766 1
959910 14
960105 8
960270 17
960446 17
960647 18
960792 28
960913 16
961371 25
961414 22
961447 8
961912 25
961931 15
962004 25
962562 7
962607 15
962623 1
963094 18
963781 0
963847 10
964265 18
964982 16
965459 7
966163 14
966240 1
966254 18
966720 8
966894 3
966974 7
967282 10
967454 11
967633 17
967901 23
967953 21
968427 22
968509 20
968595 27
969073 21
969161 7
969315 25
969670 29
969718 29
969745 3
970251 3
970416 27
970615 1
970813 4
971404 25
971420 9
971582 20
972061 9
972086 8
972110 18
972616 13
972808 9
972958 14
973278 20
973430 13
973495 27
973963 6
974143 6
974225 29
974415 13
975162 25
975197 15
975353 6
975771 26
975787 19
976379 20
976965 22
977460 1
977571 17
977699 20
978077 24
978143 29
978780 27
978848 10
978996 4
979205 18
979299 13
979485 11
979956 3
980107 18
980131 9
980579 16
980610 15
980680 17
981138 27
981750 3
981770 18
981821 18
982348 19
982448 18
982938 18
983084 24
983257 9
983576 9
983604 28
983744 10
984052 2
984184 6
984316 18
984725 26
984760 14
984813 22
985327 15
985425 9
985926 18
986047 5
986135 13
986575 9
986725 5
986921 28
987110 0
987779 17
987965 7
988110 9
988366 16
988405 4
988499 24
988874 9
988934 11
989072 20
989456 23
989640 23
989735 15
990035 1
990675 25
990829 28
990882 11
991293 16
991897 27
992045 8
992188 21
992460 10
992486 14
992619 21
993111 19
993234 21
993721 7
993920 0
994375 25
994405 5
994556 27
994864 2
995456 11
995458 3
995647 22
996118 15
996249 15
996371 26
996796 2
996837 18
996838 14
997396 18
997473 26
997495 10
997883 13
997898 13
997954 3
998511 12
998618 11
999060 9
999181 8
999227 29
999651 19
999741 13
