18 2
72 19
112 12
129 5
657 12
1203 17
1865 19
1906 1
1921 4
2452 18
2496 7
2558 7
2575 16
2590 13
3003 1
3061 7
3107 14
3660 19
3699 1
3750 3
3773 11
3790 12
4251 5
4276 11
4859 17
4918 0
4950 7
4953 2
4962 0
5011 9
5413 5
5429 17
5482 19
5544 12
5567 3
5567 3
6058 0
6066 13
6640 17
6686 1
6709 16
7231 6
7259 17
7306 1
7350 3
7403 1
7411 1
7466 7
7512 10
7570 11
7809 7
7871 5
7902 18
7958 16
8011 8
8045 0
8092 18
8100 5
8406 4
8432 13
8460 17
8512 7
8525 19
8586 5
8604 7
8659 16
8693 11
9007 14
9007 6
9071 0
9102 15
9131 3
9628 11
9639 2
9646 1
9660 6
10265 2
10279 12
10313 2
10811 7
10832 2
10849 13
11459 3
11525 3
11547 4
11571 6
11585 5
11587 1
11652 8
11689 0
11695 6
12033 4
12617 17
12653 8
12688 19
13259 8
13816 1
13849 17
13895 10
13922 12
14434 1
14448 1
14486 0
14530 13
15007 3
15067 5
15112 5
15155 3
15205 7
15265 18
15292 3
15615 3
15644 11
15709 6
16217 18
16219 2
16809 16
16817 10
16843 2
16879 11
16879 3
16907 12
17440 7
17493 18
17556 13
17600 8
17610 9
17660 14
17691 2
17702 9
17727 4
18000 5
18058 7
18604 18
18634 10
19241 7
19831 1
19878 18
19879 3
19896 18
20438 3
20459 9
20523 3
21000 11
21057 15
21066 7
21107 16
21126 5
21133 16
21145 5
21186 7
21629 14
21679 4
22215 16
22242 9
22282 1
22335 14
22380 5
22435 14
22847 13
22886 17
22903 16
22960 13
23418 7
23465 8
24043 10
24068 4
24649 18
24649 14
24704 12
25201 11
25237 4
25824 15
25837 3
25838 4
25896 6
25897 9
25950 6
26000 7
26438 7
26458 6
26461 3
26507 5
26557 4
26603 17
27008 2
27052 5
27112 4
27148 19
27154 6
27184 18
27200 4
27246 17
27652 1
27696 3
27716 12
28218 19
28242 13
28242 9
28271 12
28806 8
28837 18
28860 7
29452 7
29507 2
29522 18
29542 11
30002 5
30612 9
30668 6
30699 5
31234 4
31252 13
31823 17
31867 12
31878 3
32437 0
32459 1
33051 7
33114 1
33173 16
33184 0
33197 6
33234 13
33264 15
33620 11
33666 1
33706 11
33731 12
34235 1
34288 8
34325 5
34369 12
34375 4
34422 13
34438 14
34495 10
34561 8
34865 2
34920 14
34939 4
34977 8
34990 1
35030 13
35080 9
35132 3
35187 6
35429 6
36038 3
36069 6
36092 1
36113 1
36139 3
36144 11
36199 16
36245 11
36272 2
36627 17
36648 4
36650 15
36693 8
36733 0
36798 18
37202 10
37210 6
37814 13
37855 10
37876 14
37919 10
37960 1
37995 14
38008 3
38060 8
38414 17
38416 5
39004 13
39065 18
39655 19
40227 10
40261 14
40307 9
40369 3
40412 17
40438 17
40466 2
40472 19
40500 12
40826 19
40838 14
40842 6
40882 9
41403 3
41429 10
41458 11
42015 7
42046 12
42644 5
42681 11
42696 2
42740 4
42781 10
42830 5
42885 11
42944 10
43010 6
43222 9
43238 5
43288 13
43289 9
43340 4
43360 14
43422 5
43477 18
43850 16
43911 7
43940 5
43958 2
43995 5
44457 12
44485 14
44538 6
45042 8
45102 10
45135 12
45138 10
45646 15
46243 15
46259 11
46807 17
46847 11
46886 9
46915 1
46920 5
47417 3
48027 13
48058 8
48090 5
48114 5
48141 14
48164 4
48167 8
48208 9
48245 9
48627 10
48677 15
48714 1
48773 6
48835 1
49254 9
49271 10
49296 19
49852 17
49906 3
49959 0
50002 18
50031 13
50078 14
50435 9
50435 2
50490 12
50530 9
50532 7
51043 8
51660 7
51685 1
51710 10
51725 2
51735 18
52244 13
52250 10
52277 6
52279 9
52329 15
52350 16
52405 13
52419 3
52429 0
52836 1
53431 6
53442 14
54064 19
54087 18
54117 8
54655 16
55201 7
55224 5
55230 13
55290 18
55307 6
55837 7
55860 12
55864 11
55891 3
55898 12
55937 3
55965 1
56017 2
56035 19
56449 12
57063 14
57116 17
57137 12
57187 5
57234 12
57604 0
57666 2
57666 15
57679 14
57726 10
57786 2
57827 14
57834 3
57899 0
58202 6
58850 8
58872 11
58885 15
58894 0
58932 10
58997 13
59415 13
59465 19
60035 10
60095 10
60132 19
60179 15
60193 12
60220 12
60272 2
60291 1
60354 7
60660 16
60709 18
60748 3
61259 1
61297 8
61329 4
61393 15
61454 0
61505 10
61536 12
61582 0
61628 0
61840 1
61849 13
61910 16
61919 13
61966 8
62409 19
62414 9
62422 15
63014 14
63034 17
63072 17
63086 9
63114 0
63178 19
63220 9
63639 0
63696 16
63716 7
63716 19
63745 1
63764 2
63804 4
64217 4
64823 5
64885 0
65402 6
65415 0
65459 17
65499 5
65512 14
65529 4
65531 5
65551 11
65599 5
66041 18
66604 17
66667 16
67202 17
67811 10
67871 8
67935 17
68453 0
68474 13
68503 12
69064 5
69610 0
69664 17
69690 16
69699 5
69705 6
69712 9
69731 4
70235 17
70287 7
70802 9
71431 3
71497 7
71556 3
71575 2
72049 3
72114 6
72124 1
72153 17
72170 17
72622 5
72652 0
72692 17
72731 14
72742 3
72780 18
72793 12
72854 10
72860 8
73240 1
73282 5
73308 4
73842 12
73887 3
74465 14
74490 15
74490 12
74518 5
75031 13
75089 6
75140 1
75179 4
75223 3
75234 5
75275 3
75658 7
75678 11
75739 16
76219 14
76810 3
76811 11
76877 6
76939 5
76985 18
76986 15
77046 5
77049 2
77439 18
78006 1
78072 18
78610 4
78613 16
78652 1
78665 11
78710 16
78758 8
78818 11
78860 12
79230 10
79855 18
80418 12
81003 2
81603 18
81630 8
81643 19
81663 12
81699 15
81732 7
81760 15
81811 1
82201 3
82803 7
82849 14
82904 13
82970 17
83408 17
83471 17
83529 2
83536 1
83538 5
83595 12
83611 8
83614 5
83666 6
84039 15
84054 3
84074 18
84096 12
84154 4
84158 5
84160 5
84179 12
84658 9
84678 7
85261 6
85304 14
85330 2
85386 16
85449 1
85455 16
85460 4
85485 2
85485 9
85830 13
85885 12
85905 6
86450 11
87007 2
87028 10
87078 4
87130 2
87146 19
87176 16
87198 18
87216 10
87230 16
87660 3
87664 11
87715 1
88211 18
88273 0
88335 1
88848 11
89439 9
89458 16
89491 4
89496 17
90057 9
90097 12
90107 5
90616 15
91213 17
91260 19
91316 19
91378 5
91403 2
91429 6
91430 1
91802 15
92424 17
92446 13
92512 19
93060 14
93111 5
93170 13
93177 5
93617 0
94264 2
94283 1
94338 15
94403 15
94844 19
94898 17
94941 7
94947 0
94988 12
95008 5
95445 6
95453 15
95487 17
95503 8
95538 14
95551 3
95572 5
95606 11
95612 13
96035 8
96042 19
96073 15
96632 5
96667 9
96732 1
96732 12
96774 19
97258 16
97272 3
97338 8
97400 10
97455 6
97460 0
97471 4
97499 1
97835 16
97871 13
97912 17
97945 4
97959 5
97979 4
97998 13
98063 19
98080 10
98402 16
98450 8
98504 4
98538 13
98580 9
98631 3
98695 13
98728 19
98761 15
99043 16
99621 6
99683 2
100221 2
100248 19
100277 3
100284 7
100324 12
100374 15
100394 12
100412 3
100815 1
100829 13
100856 11
100907 12
100953 12
100971 5
101003 12
101048 14
101089 18
101455 19
101485 19
101526 5
101586 5
101636 4
101660 8
101693 1
101703 18
101754 9
102007 0
102031 10
102094 6
102129 6
102659 1
102690 4
102744 17
103205 0
103240 0
103842 10
103901 3
103954 19
103989 17
104030 1
104033 3
104084 17
104127 4
104164 0
104446 7
104458 18
104485 19
104527 0
105007 19
105023 4
105616 9
105631 9
105673 8
105674 10
105719 2
105757 11
106209 6
106219 0
106251 10
106825 6
106852 2
106896 6
107445 6
108037 14
108037 18
108045 10
108100 8
108131 11
108156 19
108185 9
108190 7
108254 2
108653 19
108712 13
108771 10
108771 5
108795 11
109255 5
109303 14
109830 14
109885 16
109892 6
109898 13
109949 11
110418 10
110446 18
110456 2
110519 16
110545 15
111030 19
111046 16
111098 12
111117 15
111133 2
111659 10
111725 13
111757 0
111808 12
111843 8
111863 12
111884 6
111888 0
111916 5
112204 17
112811 11
112837 6
112869 10
112924 4
112925 0
112928 15
112959 15
112973 15
113030 11
113427 1
114019 16
114038 7
114056 16
114099 0
114141 9
114195 2
114251 9
114650 16
114667 0
114723 10
114762 9
114781 14
114813 12
114871 8
114903 6
114909 15
115230 2
115265 14
115273 13
115287 3
115806 1
115818 9
115848 8
116460 17
116465 8
116512 4
117046 13
117065 4
117121 13
117186 1
117625 7
117684 8
117742 3
117794 14
118248 16
118305 9
118365 10
118814 2
118828 16
118855 14
118920 15
118938 13
118966 3
119011 8
119027 4
119028 7
119462 4
120043 1
120065 1
120111 8
120152 1
120181 14
120194 11
120199 12
120257 14
120659 8
120660 10
120720 0
121214 17
121239 3
121249 10
121262 6
121314 12
121331 4
121388 14
121815 14
121870 15
121922 13
121925 10
121955 5
121978 2
122042 6
122077 5
122090 7
122424 0
122469 19
122476 18
122507 15
123054 3
123090 16
123625 2
123677 9
123694 19
123736 12
123784 9
124223 2
124232 12
124816 2
124852 11
124880 2
124930 10
124978 2
125021 15
125064 14
125085 13
125125 14
125439 6
125501 5
126030 6
126058 15
126062 12
126126 8
126190 15
126246 9
126296 10
126302 9
126362 18
126643 18
126678 5
126681 15
126685 14
126717 4
126781 17
126831 6
126845 11
126849 16
127235 0
127285 3
127350 12
127385 17
127417 3
127480 5
127520 12
127543 6
127815 4
127825 19
127887 13
127924 5
127952 6
128412 11
128426 15
129037 6
129059 12
129066 5
129088 11
129153 8
129178 0
129187 11
129625 0
130228 10
130275 19
130336 1
130388 9
130402 9
130861 2
130868 6
131461 14
131521 15
131547 6
131590 18
132012 5
132023 12
132080 4
132144 1
132145 16
132175 4
132188 6
132199 11
132204 13
132659 5
132682 4
132741 16
132746 6
132766 19
133262 9
133292 7
133325 12
133375 4
133431 17
133446 3
133489 0
133552 6
133841 16
134423 7
134480 5
134490 15
134526 14
134548 16
134575 7
134584 17
134619 17
134646 14
135039 19
135083 18
135097 10
135112 16
135162 13
135192 12
135235 6
135246 5
135249 5
135633 9
135663 10
135714 5
136222 8
136865 1
136871 9
136886 2
136917 12
137403 19
138054 16
138097 0
138110 12
138123 10
138183 17
138245 11
138248 6
138309 2
138359 16
138657 7
138716 0
138721 8
138753 1
138805 12
138837 2
138899 11
138960 10
138988 14
139234 11
139274 16
139281 1
139835 14
140442 11
141015 19
141068 7
141070 19
141650 2
141680 9
141729 6
141775 19
142265 18
142294 5
142310 17
142826 5
142871 9
142915 14
143464 19
143476 16
144034 14
144662 3
144700 17
144759 16
144771 13
144786 7
144796 10
144832 0
144844 0
144854 5
145224 12
145271 0
145323 1
145346 4
145410 8
145413 19
145425 10
145835 7
146430 5
146441 14
147052 14
147081 14
147132 3
147173 0
147617 15
147657 7
147674 11
147707 17
147753 18
147789 2
148216 8
148280 10
148324 1
148341 15
148387 16
148443 1
148476 10
148529 16
148568 19
148856 16
148891 10
149451 18
149494 10
149522 12
150018 4
150072 0
150093 16
150646 18
150674 18
150708 14
150735 11
150797 17
150838 2
150851 6
150886 19
150918 2
151247 1
151257 17
151316 1
151367 10
151843 19
151907 13
151917 2
151950 3
151976 11
152411 12
152413 18
152458 18
152475 19
153034 0
153077 15
153622 9
153643 19
153706 19
153723 6
154203 10
154843 15
155429 5
155470 5
155473 14
156021 19
156050 5
156115 5
156116 8
156161 0
156200 14
156206 7
156217 9
156603 19
156620 3
157228 5
157268 9
157303 1
157855 5
157866 7
157883 6
158434 17
159037 16
159665 15
159705 11
159761 1
159785 14
159826 13
159838 0
160255 14
160267 2
160284 4
160302 7
160319 7
160804 12
160816 14
160821 16
160840 10
161406 13
161462 5
161503 18
161555 14
161577 19
161601 12
161605 1
161644 0
161690 10
162063 8
162111 8
162124 13
162630 11
162648 0
162659 9
162670 13
163201 9
163235 4
163240 4
163276 14
163289 1
163331 2
163341 18
163376 18
163429 17
163812 16
163825 9
163888 15
163929 10
163982 17
164001 4
164043 9
164087 12
164090 8
164406 16
164428 9
164436 13
165011 1
165046 6
165071 5
165089 2
165141 13
165202 12
165251 19
165652 0
165658 13
165679 15
165720 16
165727 13
166264 2
166866 5
166918 5
166979 19
167003 18
167052 9
167098 11
167109 18
167402 11
167449 12
167456 0
167480 12
167483 18
167548 11
167551 14
167593 14
167597 1
168041 4
168059 14
168663 9
168670 16
168733 5
169261 0
169280 11
169814 4
169853 14
169889 2
169947 14
169958 6
169985 7
170025 16
170080 19
170103 6
170459 19
170466 15
170484 10
171022 7
171602 10
171647 3
171707 16
172255 13
172817 11
172818 15
172842 3
172885 18
172902 12
172915 18
172974 19
173028 5
173457 16
173505 2
173519 14
173566 4
173613 8
173622 13
173637 15
173694 9
173757 4
174047 6
174112 3
174138 2
174204 18
174207 8
174263 15
174323 4
174379 3
174379 15
174648 1
175244 0
175268 16
175299 1
175333 18
175362 19
175417 8
175464 2
175817 4
175847 8
176457 4
177001 10
177051 7
177108 16
177138 19
177197 14
177251 17
177312 6
177621 3
178240 2
178285 14
178308 7
178828 3
178868 12
179456 4
179483 19
179514 4
179558 4
180010 10
180042 10
180611 19
180636 9
180693 19
180738 1
180799 17
180850 3
180868 18
180903 7
180955 12
181213 19
181240 12
181833 16
181834 11
181888 15
181918 9
181962 17
182447 19
182448 9
182462 14
182468 17
182521 19
182553 6
182559 6
183012 12
183016 10
183036 16
183070 8
183118 12
183630 7
184262 9
184273 18
184818 7
185421 6
186049 3
186612 8
186624 5
186673 14
186678 7
186742 4
186805 5
186827 11
186833 1
187206 8
187272 3
187296 15
187355 12
187369 15
187825 15
187874 13
187933 3
187954 2
187979 15
188003 10
188007 14
188051 15
188057 1
188455 15
189006 11
189013 12
189052 12
189104 19
189642 3
190264 5
190290 13
190326 13
190382 6
190411 3
190451 2
190507 9
190551 4
190568 0
190818 17
191451 3
191451 0
191457 10
192046 15
192102 10
192108 17
192631 8
192645 7
192705 0
192768 8
192832 2
192880 17
192918 4
192956 7
193022 6
193233 15
193298 9
193832 3
193886 0
193950 0
193993 18
194023 0
194459 14
194506 11
194513 9
194529 5
194543 0
194563 10
195058 18
195635 17
196215 4
196219 13
196219 12
196231 13
196237 5
196259 17
196804 19
196815 18
196818 17
196840 9
196863 2
197450 6
197483 0
197523 9
197578 13
197634 13
197648 9
198050 1
198089 4
198091 13
198126 12
198157 16
198216 14
198279 5
198600 4
198607 6
198629 10
198669 15
198674 6
198704 15
199208 12
199228 18
199294 14
199343 9
199347 2
199802 1
199868 19
199891 4
199927 5
199952 10
200400 17
201023 2
201072 19
201654 0
201708 7
201758 8
202203 16
202218 15
202276 6
202314 2
202361 14
202409 5
202471 10
202500 16
202516 0
202817 6
202848 7
202868 12
202875 3
202892 0
202938 19
202984 14
203006 12
203009 12
203446 16
203506 7
203528 0
203559 7
203604 9
204025 5
204628 1
204632 15
204666 18
205235 5
205273 2
205298 18
205356 0
205387 15
205415 15
205430 3
205490 3
205845 8
205905 18
205965 4
205984 0
206439 7
206474 15
206512 4
206522 15
206528 18
206555 7
206573 11
206611 3
206637 13
207065 11
207093 18
207103 14
207606 19
207634 4
208265 12
208837 14
208872 19
208899 4
208909 17
208942 10
209000 6
209040 5
209074 5
209465 3
210046 2
210056 5
210091 17
210119 14
210124 7
210642 19
210705 1
210745 8
210797 17
210820 0
210870 4
210878 5
210919 14
210970 18
211266 2
211273 4
211311 3
211326 16
211364 11
211389 2
211410 3
211854 15
211856 11
211889 9
211945 1
211976 13
212035 1
212041 13
212072 3
212137 11
212433 14
212457 19
213013 10
213048 2
213099 3
213107 3
213666 14
214260 13
214847 13
215413 15
215464 10
215483 19
215546 3
215596 1
216029 12
216088 8
216123 3
216167 17
216208 14
216241 13
216662 4
217257 18
217281 3
217320 9
217321 15
217366 11
217397 2
217417 10
217462 3
217480 7
217824 1
217864 11
217875 10
217939 1
218431 8
219033 13
219041 12
219104 10
219124 6
219153 14
219161 8
219657 9
219661 5
219703 19
219703 4
219706 13
219766 11
219814 2
219856 12
220251 19
220312 12
220343 1
220352 5
220403 9
220422 7
220450 15
220511 19
220577 14
220830 6
220830 6
220855 12
221444 15
221501 5
222000 12
222045 6
222094 4
222632 9
223257 10
223307 1
223324 15
223836 3
223901 11
223919 2
223981 10
223986 17
224023 10
224083 7
224084 17
224134 0
224462 9
224514 13
224553 17
224599 14
224601 13
224602 19
224615 13
224623 11
224633 7
225016 10
225069 19
225102 2
225122 14
225611 15
225642 11
225691 10
225729 15
225780 3
225816 4
225865 8
226252 3
226305 7
226314 12
226318 13
226322 10
226349 19
226350 3
226407 19
226443 12
226860 1
226924 13
226945 9
227437 16
227446 14
227465 7
228030 18
228030 9
228034 4
228071 4
228081 12
228619 3
229201 9
229202 0
229268 18
229818 5
229839 9
229853 16
229856 16
229890 6
229910 5
229918 8
229972 18
230008 6
230458 0
230480 10
230480 4
230481 10
230518 1
230557 8
230579 19
230642 8
230651 4
231028 15
231050 12
231070 10
231094 13
231098 18
231135 8
231163 7
231619 13
231662 10
231687 14
232225 8
232266 19
232296 1
232326 17
232860 5
232878 8
233442 7
233468 6
234062 14
234641 15
235224 3
235235 14
235856 5
235868 3
235924 12
235936 13
236436 7
236491 19
236528 8
236529 19
237019 9
237048 9
237095 8
237121 10
237121 19
237126 7
237160 15
237214 10
237258 9
237606 2
238200 2
238223 11
238247 16
238249 8
238850 3
238910 10
238956 6
238968 12
239002 6
239031 16
239075 15
239117 5
239166 3
239413 19
239476 15
239478 12
240048 14
240102 13
240121 0
240619 18
240676 13
240716 19
240767 17
240822 7
241229 0
241263 18
241328 0
241361 5
241378 0
241830 5
241874 2
241915 9
241926 14
241927 7
242455 7
243028 6
243663 5
243725 19
243731 0
243795 18
243859 5
243905 17
243938 10
243941 2
243970 15
244260 18
244838 6
245430 8
245470 16
245473 1
245485 14
245485 5
245534 6
246048 11
246640 14
246664 4
246730 10
246774 12
246806 7
246844 4
246902 12
246909 5
247209 4
247253 2
247854 15
247895 5
247930 17
247985 6
248020 7
248078 18
248105 19
248129 14
248155 15
248454 16
248466 5
249013 18
249071 15
249084 4
249116 2
249139 11
249177 14
249218 1
249228 18
249293 11
249607 4
249643 8
249693 5
249738 7
250237 19
250810 15
250851 2
250911 0
250977 19
251029 0
251083 1
251105 2
251134 4
251432 17
251433 9
251490 5
251501 18
252063 12
252084 12
252117 16
252162 18
252195 12
252259 6
252262 18
252305 6
252316 15
252621 2
252632 3
252637 11
252693 10
252748 7
252784 18
252820 3
252876 8
253237 5
253276 11
253308 2
253331 12
253837 9
253853 7
253908 18
253928 0
253936 19
253939 4
253975 4
254461 16
254501 3
254546 14
254554 4
254614 16
254623 1
254664 19
254710 2
254740 8
255038 3
255081 13
255081 18
255627 19
255638 1
255646 16
255652 7
256255 0
256301 17
256350 18
256406 17
256443 7
256830 12
256838 6
256848 14
256855 14
256858 10
256884 10
257442 16
257505 17
258038 17
258088 1
258144 17
258203 9
258236 12
258290 8
258308 17
258665 4
258727 2
258791 4
258798 14
258864 1
258866 11
258908 3
258953 6
258981 19
259231 7
259248 2
259818 9
259839 4
260406 6
260439 9
260480 18
260530 16
261005 9
261005 16
261063 0
261089 7
261122 9
261164 1
261205 7
261624 19
262208 18
262213 16
262832 0
262840 13
262891 6
262924 13
262925 15
263445 17
264061 5
264606 3
264639 5
264662 19
264727 5
264786 10
264832 0
264834 2
264889 7
264940 19
265222 14
265800 10
265850 3
265906 13
266451 4
267016 7
267029 3
267062 14
267067 9
267132 10
267146 8
267212 6
267231 14
267633 8
267637 11
267664 14
267666 6
267682 15
267717 19
268258 16
268861 18
268890 1
268919 10
268970 17
269016 4
269023 14
269068 1
269127 18
269174 6
269424 7
270037 10
270044 11
270088 15
270121 14
270173 18
270230 5
270255 14
270281 17
270282 1
270622 3
270664 0
270676 6
271251 8
271311 0
271361 15
271391 8
271399 7
271424 10
271447 19
271502 11
271520 10
271811 1
271874 11
271876 5
272412 6
273026 16
273614 10
273654 1
273656 2
273678 4
273688 7
273715 7
273781 1
273814 19
273841 14
274243 16
274256 2
274303 12
274315 5
274339 14
274807 2
274865 3
274881 15
274944 14
274972 2
275024 8
275041 10
275090 1
275423 8
275460 2
275487 3
276050 5
276100 8
276124 9
276176 14
276228 6
276251 12
276606 4
276639 17
276661 0
276701 16
276726 14
277266 13
277864 9
277929 5
278431 19
278462 4
278487 14
278545 15
278605 18
278635 9
278661 19
278727 2
279063 17
279092 15
279642 10
279707 8
279714 15
280258 3
280856 3
280868 9
280899 14
280951 7
280965 8
281019 9
281061 2
281103 9
281154 18
281446 0
282062 16
282079 8
282119 12
282184 1
282644 18
282677 13
282699 6
282746 9
282799 5
282829 11
283246 19
283258 14
283829 11
283829 5
283863 11
283922 4
283931 3
283953 15
284434 15
285025 9
285035 9
285098 17
285127 8
285166 10
285194 18
285240 1
285653 14
285673 3
285693 1
285752 16
286240 13
286303 13
286355 1
286375 4
286389 12
286391 0
286412 8
286804 14
286811 2
286830 12
287455 17
287488 5
287518 17
287584 2
287584 14
287618 7
287628 4
287646 16
288020 17
288022 11
288066 7
288126 1
288149 8
288208 15
288238 1
288286 11
288314 12
288610 3
288613 6
289217 8
289224 15
289251 18
289851 10
289864 13
290405 14
291015 1
291068 5
291100 19
291110 9
291124 19
291172 17
291622 0
291635 17
291638 14
291681 5
292234 15
292845 16
292905 2
292937 14
292974 12
293032 7
293036 5
293070 6
293115 3
293143 18
293465 8
293516 5
293516 15
294066 17
294073 15
294073 6
294625 10
294686 14
295234 9
295808 7
295823 3
295870 0
295936 6
296439 17
296459 15
296469 14
296505 12
296545 1
297010 2
297066 8
297082 2
297114 2
297134 1
297608 15
298216 14
298272 11
298277 1
298851 15
299410 2
299420 14
299456 5
299492 8
299520 11
299582 4
299601 14
299627 14
299655 14
300045 14
300045 7
300051 6
300069 9
300099 7
300141 1
300206 14
300616 2
300629 5
300692 10
300740 18
301203 2
301209 1
301253 19
301306 6
301341 1
301815 18
301836 6
301894 13
302456 18
303036 4
303080 3
303636 10
303681 13
303743 1
303779 13
303784 7
303785 8
303826 2
303833 0
303853 4
304219 15
304243 18
304274 11
304298 7
304810 14
305420 13
305466 8
305521 2
305587 18
305631 11
305663 14
305704 10
305726 4
305792 6
306012 0
306623 17
306663 15
307229 6
307279 13
307342 0
307358 3
307378 15
307407 10
307416 2
307457 4
307508 16
307834 19
308419 6
309004 18
309024 9
309089 3
309095 17
309151 4
309202 2
309262 10
309616 9
309620 15
309634 12
309700 7
309722 13
309748 6
309811 6
309838 12
309902 10
310207 17
310225 3
310276 9
310335 4
310383 1
310400 17
310430 12
310494 13
310825 0
310873 15
311407 18
312002 1
312010 1
312042 2
312072 16
312080 15
312136 12
312646 0
312652 17
312695 15
312707 2
312758 3
312823 2
313212 13
313843 1
313888 11
313899 10
313940 12
314005 4
314036 8
314092 19
314157 16
314202 0
314460 19
315054 1
315073 19
315110 9
315120 9
315631 5
316264 5
316310 12
316339 9
316802 14
317446 5
317502 0
318043 18
318072 14
318124 15
318148 2
318180 5
318219 13
318264 8
318305 11
318629 9
318674 17
318733 5
319210 4
319249 14
319270 19
319316 16
319324 14
319373 17
319381 5
319403 2
319444 1
319821 1
320462 18
320524 4
320561 12
320563 5
321012 9
321070 16
321082 10
321116 9
321166 13
321188 0
321248 14
321640 3
322255 4
322267 18
322819 11
322841 0
322869 6
322882 15
322900 16
322958 0
322985 12
323413 6
323446 5
323450 16
323463 9
323474 14
324002 10
324046 9
324056 7
324104 19
324104 12
324147 11
324158 5
324180 13
324184 3
324633 13
325257 13
325270 8
325319 1
325377 12
325381 3
325443 4
325445 4
325853 19
325866 18
325932 3
325952 8
326003 8
326051 6
326102 10
326123 15
326151 12
326424 0
326489 5
326502 10
326566 5
326625 0
326652 7
326705 0
326743 5
326757 3
327037 1
327652 16
328259 9
328273 11
328320 7
328353 1
328369 16
328385 2
328418 11
328480 11
328810 14
329463 12
329492 5
329513 6
329574 15
329600 16
329661 15
330052 3
330639 17
331246 9
331254 5
331279 1
331327 14
331373 15
331381 11
331446 2
331498 17
331503 1
331836 2
331871 14
331897 4
331948 14
332433 14
332448 19
332509 7
332546 5
333030 3
333052 10
333070 8
333110 19
333154 14
333178 8
333198 17
333260 10
333306 15
333613 1
333669 19
334223 8
334285 4
334287 0
334862 10
334916 14
334926 1
334975 13
334978 8
334979 10
335003 2
335422 7
335455 17
336058 3
336628 15
337243 18
337855 17
337904 1
337960 12
338403 4
338457 8
338459 2
338466 11
339056 4
339074 12
339075 1
339600 2
339644 19
339702 6
339739 11
339758 9
339813 0
339834 18
339895 15
340234 19
340239 17
340298 8
340326 4
340829 3
340849 7
340910 15
340956 3
340984 12
341000 19
341063 8
341443 2
341448 1
341498 14
341552 19
341554 2
342020 0
342063 11
342106 2
342146 12
342212 2
342228 15
342250 6
342663 15
342717 13
342725 19
343244 4
343275 16
343302 3
343824 16
343841 4
344421 2
344424 3
344455 13
344477 6
345024 16
345655 14
345685 19
345749 8
345786 7
345844 1
345861 7
346200 11
346225 1
346288 10
346326 5
346858 12
346873 16
346929 8
346933 19
346973 17
347000 3
347020 12
347021 17
347029 10
347410 3
347443 6
347480 19
347526 8
347580 9
347628 7
347678 18
347706 10
347707 13
348042 1
348101 13
348150 12
348159 6
348181 6
348217 18
348273 14
348629 3
348652 12
349243 19
349304 0
349365 3
349863 2
349894 18
349919 16
349956 13
349990 10
350032 17
350068 4
350068 18
350089 10
350415 1
351061 14
351120 5
351137 16
351158 6
351163 16
351196 17
351644 19
351702 12
351703 1
351731 12
351747 12
352262 19
352839 12
352846 3
353454 14
354022 9
354633 19
354640 17
354702 2
355264 15
355321 0
355356 3
355391 19
355404 11
355414 9
355462 8
355505 15
355518 12
355822 15
356409 7
356455 13
357016 6
357616 13
357657 17
357701 3
358220 16
358286 13
358347 8
358396 9
358456 12
358461 1
358519 12
358522 11
358546 16
358800 10
359409 6
359447 8
359459 13
359493 13
359532 14
359569 11
360057 14
360096 12
360130 3
360144 9
360198 15
360216 13
360266 8
360316 7
360373 7
360666 11
360726 0
360784 7
361200 18
361219 13
361227 13
361254 5
361260 15
361266 18
361858 6
361873 16
361886 1
362401 2
362461 17
362497 10
362539 16
362584 19
363020 6
363078 11
363112 0
363149 1
363653 16
363679 11
363694 5
363703 9
363741 18
363795 16
363815 19
363842 1
363879 18
364261 12
364321 0
364325 0
364346 7
364366 19
364398 4
364459 15
364480 8
364527 0
364811 15
364841 3
364876 6
364877 0
364901 8
364923 0
364954 12
364998 17
365405 10
365425 2
365471 19
365523 6
365557 2
365621 12
365651 2
365672 11
365705 10
366032 17
366055 8
366614 6
366675 3
367218 1
367264 2
367293 8
367320 13
367326 2
367350 19
367389 10
367413 11
367479 19
367817 19
367825 10
367888 4
367896 14
367937 4
368002 10
368404 10
369000 10
369017 2
369025 18
369091 3
369139 13
369153 2
369194 1
369232 4
369284 6
369605 15
369614 12
369652 6
369692 3
369692 12
369694 17
369750 12
369809 9
370226 16
370253 17
370857 13
371454 17
371456 17
371462 15
372035 12
372093 12
372138 11
372195 12
372222 4
372250 13
372253 15
372255 16
372626 6
372676 19
372688 14
372697 9
372719 4
372771 0
372801 1
373232 18
373242 4
373245 8
373310 10
373374 11
373405 1
373462 16
373479 11
373515 8
373852 2
373916 10
373975 11
374018 4
374059 13
374083 7
374106 19
374161 18
374217 1
374456 6
374518 18
374581 15
374639 7
374641 2
374658 8
374718 6
374736 12
374775 13
375061 6
375622 2
375668 18
375673 2
375709 9
375772 11
375834 16
375879 19
375885 16
375944 5
376210 1
376250 11
376283 13
376333 1
376815 2
376822 19
376886 15
376888 3
376898 15
376923 5
376980 5
376992 14
377018 9
377437 16
377478 15
377490 14
377547 1
377547 16
377587 1
377611 15
378051 3
378087 7
378658 12
378706 15
378732 16
378793 1
378816 14
378832 19
378878 9
379225 4
379243 1
379250 18
379287 18
379866 6
379893 5
379898 8
380422 18
380486 12
380492 6
380555 19
380614 18
380614 16
380666 17
380678 14
380711 11
381008 9
381053 17
381103 15
381108 8
381114 18
381602 7
381611 17
381638 8
381643 15
381684 11
381739 18
382248 15
382253 4
382319 18
382337 6
382825 0
382830 10
382882 17
382893 8
382920 5
382960 15
382983 18
383028 6
383042 3
383404 8
383467 5
383512 5
383523 13
383556 7
383573 16
383633 17
383675 3
383714 5
384054 1
384076 1
384140 10
384193 5
384219 16
384285 18
384288 1
384303 6
384345 7
384664 4
385225 2
385227 1
385251 0
385301 12
385338 12
385854 11
386405 19
386467 6
386524 12
387039 7
387635 13
387688 17
388217 18
388837 16
388883 18
388897 7
388945 11
388962 12
389008 18
389056 18
389068 14
389110 11
389462 4
389475 6
389537 4
389589 1
389597 11
389615 12
389678 16
389713 7
389715 0
390008 2
390026 19
390627 0
390667 8
390687 3
390740 3
390788 18
390822 2
390834 19
390890 6
391250 18
391294 11
391343 6
391384 7
391397 0
391437 16
391454 3
391805 0
391845 7
391869 17
391923 2
391942 12
391963 15
391983 19
392026 15
392036 6
392435 15
392466 0
393012 0
393044 0
393654 19
393686 18
393695 6
393702 4
393719 19
393740 0
393758 15
394207 17
394846 15
394887 7
394951 18
395462 8
395470 0
395491 17
395521 16
395521 2
396025 19
396065 15
396645 1
396675 4
396739 12
396741 6
396747 10
397266 1
397328 11
397365 7
397369 17
397385 0
397398 9
397450 10
397504 2
397828 11
397841 1
397849 0
398451 17
398492 6
399057 19
399645 14
399697 3
400266 13
400274 13
400803 17
400827 10
400871 1
400906 7
400907 16
400961 19
401422 18
401450 10
401512 9
401540 11
402052 0
402099 15
402612 12
403249 14
403821 14
404442 15
404487 16
404542 0
404551 19
404579 6
404622 6
404648 17
405061 8
405103 15
405142 13
405158 2
405190 0
405214 11
405263 0
405266 4
405303 1
405626 17
405676 2
405683 4
405688 0
405732 15
405798 14
405827 16
406251 5
406260 18
406842 0
406888 10
406950 8
407407 4
408025 17
408031 14
408062 14
408630 18
408694 5
408702 7
408727 12
409256 13
409280 12
409327 8
409858 2
409909 2
410459 1
410468 6
410481 13
410512 10
410572 0
410597 12
410635 0
411016 17
411079 7
411107 15
411136 3
411636 5
411662 11
411664 3
411702 16
412223 3
412274 5
412274 7
412314 12
412343 14
412406 4
412450 5
412456 0
412848 18
412881 10
412910 7
412940 7
412946 17
412971 7
413030 8
413067 10
413106 4
413433 5
414008 17
414024 12
414067 16
414117 18
414153 2
414190 17
414255 17
414321 1
414373 9
414609 18
414660 5
414662 3
414723 17
414786 8
414833 7
414861 17
414879 4
414897 14
415246 19
415813 1
416408 3
416459 2
416481 8
416512 6
416542 0
416581 6
416629 11
416656 5
416711 7
417001 0
417002 10
417054 12
417086 3
417646 6
417658 12
417707 18
417763 15
418225 13
418266 16
418266 4
418848 17
418858 11
418866 8
418915 16
419428 16
420018 0
420045 11
420076 3
420125 9
420639 2
420678 16
420694 8
420701 19
421213 16
421233 16
421286 9
421298 19
421329 2
421363 18
421385 12
421411 8
421414 4
421817 19
421858 1
421862 3
422429 6
422438 11
422479 5
422496 7
422555 0
422600 3
422635 4
422694 18
422703 7
423001 3
423044 16
423067 3
423081 0
423138 16
423184 12
423185 4
423224 8
423242 13
423661 0
423665 18
424205 9
424211 18
424855 12
424856 18
424870 3
425430 1
426015 4
426079 14
426124 0
426185 4
426636 2
426695 11
426743 13
427210 12
427243 3
427276 16
427286 17
427344 12
427846 16
427854 6
427889 13
427901 14
427943 12
427982 12
428453 3
429036 15
429634 1
430234 17
430290 7
430326 11
430363 15
430367 15
430371 1
430428 19
430847 0
430899 19
430951 5
430952 9
430953 3
430982 11
431033 17
431095 19
431428 13
431461 12
431514 13
431577 1
431632 12
431650 15
431680 9
431716 10
431760 19
432051 12
432052 8
432077 16
432120 19
432183 0
432202 3
432265 3
432272 14
432622 18
432629 7
432679 19
433230 5
433264 2
433290 11
433325 11
433358 16
433421 14
433482 16
433538 14
433859 8
434431 13
435012 17
435055 1
435090 10
435126 12
435187 10
435662 6
435726 9
435748 13
436243 7
436264 4
436330 4
436805 14
436833 11
436839 13
436902 18
436937 2
436985 1
437003 14
437031 4
437052 16
437419 8
437478 12
437541 1
437558 12
437600 11
438056 6
438082 3
438138 18
438631 19
438660 15
438663 12
438697 19
438723 16
438727 12
439254 6
439273 9
439816 5
440414 1
440443 17
441048 12
441099 15
441106 2
441632 2
441689 10
441755 1
441756 1
441771 10
441804 13
441812 6
441864 6
441871 14
442216 10
442223 0
442241 14
442802 6
442817 0
443440 1
443470 12
443519 17
443573 8
444017 19
444023 16
444664 16
444697 17
444739 19
444764 14
444783 2
444794 16
444796 5
445223 10
445270 11
445323 9
445341 15
445378 19
445406 9
445407 0
445458 18
445483 3
445824 14
445873 17
445913 18
445940 16
446434 4
446461 12
446524 9
446530 8
446576 6
446616 1
446630 1
446678 13
446710 6
447008 13
447034 16
447617 18
447666 19
447697 7
447732 3
448251 12
448300 0
448339 7
448339 17
448396 1
448416 11
448463 1
448482 9
448493 19
448834 7
448862 15
448928 18
449445 5
449501 6
449534 7
449596 6
449655 1
449681 3
449727 14
449761 12
449784 1
450035 16
450090 0
450105 12
450147 5
450182 13
450617 15
450673 19
450681 7
451223 16
451224 17
451235 18
451827 4
451875 12
451917 1
452432 5
452448 12
452507 2
452507 17
452549 5
452549 10
452601 13
452629 1
452677 7
453012 11
453021 3
453042 15
453104 14
453135 19
453148 4
453631 10
453677 19
453742 5
453799 9
453828 2
454242 8
454253 15
454289 15
454856 10
454864 14
454903 17
454930 8
455435 1
455484 15
455502 3
455531 17
456025 3
456067 17
456640 8
457256 8
457260 13
457822 8
458436 13
458444 10
458507 0
459036 9
459641 6
460250 10
460295 4
460322 18
460341 18
460824 3
460890 7
460941 7
461004 5
461424 18
461459 11
461485 17
461541 7
461604 6
461656 1
461660 15
461665 3
462012 10
462035 0
462044 15
462059 0
462083 13
462086 18
462105 10
462116 7
462152 13
462605 14
462616 19
463225 17
463287 17
463331 19
463361 9
463422 15
463443 3
463844 19
463880 7
463907 12
463937 6
463956 2
464009 17
464054 19
464108 1
464421 19
464458 9
464498 5
464533 14
465030 19
465611 1
465617 5
465638 16
465649 10
465680 5
465736 18
465773 3
466246 9
466266 18
466331 5
466381 12
466432 13
466444 15
466464 15
466855 12
467403 10
467422 10
467444 18
468049 19
468085 2
468141 2
468199 1
468210 4
468232 17
468251 11
468280 8
468341 13
468641 15
468702 15
468720 4
468743 9
468786 18
468851 12
469235 19
469850 6
469867 13
469870 6
469892 6
469906 14
470413 5
470450 12
470460 18
471031 6
471042 5
471078 19
471100 9
471156 15
471156 12
471619 19
471622 2
471646 1
471679 17
471734 16
472223 2
472248 15
472270 0
472855 15
472858 12
472892 18
472933 13
472995 9
473049 14
473051 17
473095 3
473434 0
473453 11
473497 5
473538 16
473548 4
473549 6
473603 14
473634 7
473642 5
474035 19
474653 10
474704 9
474756 0
474819 6
474831 14
475200 10
475266 13
475288 9
475293 4
475342 12
475351 0
475394 2
475411 18
475417 2
475848 10
475901 9
476403 4
476458 10
476520 13
476572 12
476576 11
477024 13
477648 13
477688 0
477724 14
477789 14
478217 18
478283 18
478829 8
479439 6
479463 11
480023 1
480074 14
480092 9
480140 0
480632 2
480647 18
480688 11
480693 11
480696 3
480724 2
481218 18
481269 6
481271 19
481310 3
481827 1
481888 4
481940 6
481974 13
481993 18
482031 19
482062 6
482065 16
482085 2
482465 15
483062 13
483089 7
483618 8
483628 6
483662 18
483666 9
484220 1
484224 8
484264 17
484299 16
484355 3
484847 2
484882 7
484928 16
484993 3
485030 11
485426 11
485435 12
485453 1
485503 14
485556 4
486011 17
486061 2
486101 8
486148 7
486633 7
487218 11
487220 6
487226 0
487863 0
487919 14
487927 18
487970 15
488022 2
488067 9
488088 12
488117 0
488139 18
488464 17
488485 1
488548 14
488590 11
488648 3
488657 15
488722 18
488761 5
488821 5
489032 3
489621 4
489623 1
489670 3
489736 11
490231 9
490831 16
491448 17
491482 8
491507 18
491525 7
492056 5
492106 10
492635 3
492657 17
492671 6
492677 13
492702 11
492732 15
492762 13
492779 13
492833 16
493229 15
493266 10
493850 4
493863 17
493863 13
494402 1
495023 8
495600 18
496216 2
496216 0
496270 10
496866 11
496890 16
496893 1
496920 14
496966 6
497028 8
497035 13
497085 16
497124 16
497438 2
497467 4
498028 2
498029 11
498081 10
498110 10
498127 7
498161 10
498164 0
498172 5
498236 6
498600 16
498618 17
498676 11
498705 16
498748 0
498798 19
498805 4
499251 9
499298 14
499318 13
499329 12
499370 11
499384 11
499426 2
499851 0
499898 4
499945 15
499963 18
499997 5
500033 15
500431 15
501041 5
501651 15
501715 17
501722 18
501729 7
501741 15
501770 8
502211 2
502220 7
502270 5
502274 18
502316 14
502352 10
502831 0
502861 9
502875 5
502936 12
502948 8
502954 15
503002 9
503058 1
503069 7
503431 3
503483 10
503487 5
503514 3
503568 8
503599 0
503646 17
503659 2
503662 4
504021 11
504071 3
504120 13
504156 12
504617 0
504618 14
504618 9
504669 14
504698 0
504749 4
504812 7
505214 5
505256 11
505265 12
505265 17
505805 7
505835 4
505837 3
506451 7
506517 8
506527 18
506565 18
507024 18
507077 3
507095 12
507161 7
507204 8
507224 19
507261 11
507321 4
507348 5
507638 16
507644 4
507679 16
508233 7
508269 13
508292 12
508335 16
508838 3
509431 8
509449 11
509507 11
509553 2
509572 7
509573 11
509577 19
509640 17
509655 1
510031 19
510037 13
510070 6
510085 6
510637 5
510642 5
510648 13
510701 11
510718 14
510770 17
510823 7
510863 4
510927 10
511223 8
511278 19
511827 6
511845 1
511898 12
512463 17
512492 7
512495 19
513017 7
513029 1
513071 17
513132 16
513614 14
513651 4
513655 9
513711 8
514219 17
514273 9
514294 8
514312 7
514327 11
514331 18
514340 11
514406 18
514466 7
514836 2
514870 19
515436 6
515466 4
515529 12
515538 6
515577 6
515634 14
515645 3
515661 3
515680 12
516058 1
516635 15
516667 2
516724 8
516754 6
516758 12
516777 5
517247 16
517311 4
517840 18
517892 6
517902 14
517924 17
517950 2
517956 5
518010 7
518061 0
518109 11
518464 2
519023 6
519027 9
519055 15
519101 4
519615 7
519671 11
519729 13
519737 12
519780 10
519796 0
519824 10
519830 3
519845 18
520232 6
520255 11
520321 1
520358 2
520422 17
520485 6
520501 8
520857 9
520871 5
520892 10
520928 7
521423 17
521436 5
522063 8
522625 2
522668 13
522712 10
522776 10
522832 3
523222 18
523239 4
523244 3
523285 13
523318 4
523346 13
523385 8
523437 4
523460 0
523831 7
523877 17
523913 16
524437 3
524438 12
524490 1
524491 6
524527 1
524558 17
524624 0
524684 7
524736 18
525062 5
525122 6
525178 9
525611 0
526240 1
526306 6
526309 5
526348 10
526374 8
526388 10
526809 14
526828 19
526859 0
527413 17
527467 4
528009 7
528027 9
528079 7
528140 19
528205 16
528644 8
528673 1
528709 2
528731 19
528751 14
528803 10
528851 11
528869 1
528920 18
529224 14
529242 6
529297 19
529864 3
529885 1
529927 0
529991 1
530014 1
530016 0
530042 17
530042 11
530097 5
530431 17
530447 13
530500 9
530546 19
531010 7
531018 16
531021 17
531044 9
531049 17
531105 16
531127 7
531143 18
531204 18
531611 18
531666 18
531722 3
531725 4
531770 13
531824 12
531839 4
531866 2
531873 10
532234 8
532241 6
532303 7
532354 5
532836 1
533414 5
533463 19
533466 2
533526 4
533568 15
533625 7
534066 8
534123 12
534173 5
534208 17
534639 1
534668 2
534729 8
534738 0
534770 2
534832 9
535230 19
535257 11
535851 13
536439 12
537010 0
537069 5
537641 2
537684 0
537727 6
537737 5
537797 6
537832 7
537865 15
537893 14
537943 11
538245 19
538277 4
538321 15
538373 5
538801 19
538808 6
538855 10
538885 18
538916 8
538925 6
538939 14
538950 10
538954 13
539400 9
539453 18
539475 10
539541 5
539602 3
539664 11
540008 16
540025 18
540049 19
540056 2
540086 9
540147 3
540638 5
540683 10
540748 14
540766 18
541227 1
541238 17
541298 3
541361 2
541406 19
541422 6
541838 4
541862 12
541894 13
541920 18
542443 12
542447 5
542467 18
542500 1
542509 8
543009 9
543073 7
543607 16
543661 9
544260 5
544306 15
544338 8
544383 13
544841 10
544903 7
544912 11
545428 9
546034 18
546070 18
546102 9
546144 1
546163 17
546214 1
546257 6
546294 14
546317 4
546621 9
546624 0
546643 11
546671 7
546708 4
546773 6
546811 3
546855 11
546903 17
547261 14
547321 9
547367 18
547393 17
547810 19
547867 8
547892 16
548436 1
548436 13
549020 1
549072 12
549080 2
549635 15
549659 3
549667 10
549688 3
549749 4
549785 10
549821 8
550241 6
550281 4
550292 10
550312 15
550338 18
550863 8
550917 7
551442 16
552001 5
552047 15
552051 8
552646 18
552692 3
552751 13
552812 19
552852 5
552884 3
553240 12
553246 17
553292 16
553293 8
553348 17
553820 8
553823 7
553864 11
553895 12
553942 6
553988 16
554034 2
554079 3
554133 7
554463 0
554519 10
554574 1
554615 19
555043 16
555053 8
555602 19
555619 13
555641 18
555645 11
555710 7
555712 15
555735 5
555761 0
555797 6
556234 8
556814 10
556853 5
556872 1
557452 2
557482 2
557490 16
558031 5
558083 11
558641 18
558695 13
558717 10
558734 17
558778 18
558810 9
558867 12
559234 1
559245 4
559249 17
559309 7
559353 7
559377 2
559398 4
559422 4
559473 4
559825 19
559886 3
559945 16
560009 2
560414 19
561008 2
561024 16
561047 18
561079 13
561614 5
561659 7
561673 11
561720 15
561742 0
562265 14
562268 18
562283 0
562313 16
562813 3
562839 2
562850 14
563431 0
563482 7
563523 10
563584 11
564034 2
564045 13
564045 8
564090 2
564100 3
564166 18
564167 5
564225 5
564226 19
564607 12
564636 11
564657 6
564707 12
565220 15
565257 4
565818 8
566404 7
567013 14
567036 0
567611 8
567668 16
567672 19
567735 12
567800 4
567837 0
568214 16
568277 7
568299 4
568333 3
568395 16
568458 3
568493 6
568518 0
568568 2
568803 14
568826 16
568833 13
569405 16
569413 15
569455 17
570029 0
570084 11
570140 10
570205 14
570234 10
570263 9
570299 0
570337 5
570386 4
570626 12
571224 12
571237 14
571815 17
571834 10
571887 15
571916 15
571920 14
571936 17
571964 6
572466 2
573022 18
573062 13
573100 15
573655 0
573676 0
573713 15
573762 9
573766 17
573798 9
574233 12
574235 14
574245 9
574275 16
574297 10
574329 4
574330 5
574374 3
574374 16
574853 14
575406 3
576001 11
576621 16
576638 19
576698 3
576725 8
576776 5
576788 19
576806 6
576837 17
576895 5
577209 2
577270 13
577327 11
577350 5
577377 4
577848 12
577904 13
577934 16
578416 8
578458 2
578481 12
578537 16
578563 13
579013 12
579648 18
579648 15
579673 10
579727 9
579768 19
579805 12
579807 7
580223 19
580223 19
580251 4
580265 4
580294 14
580323 16
580378 17
580380 4
580410 11
580850 10
581420 13
581436 16
581497 18
581538 13
582038 1
582061 4
582655 13
582660 8
583243 14
583276 4
583314 0
583369 17
583393 1
583401 16
583461 18
583471 8
583494 9
583828 5
583858 14
584420 13
584470 3
585019 8
585027 17
585626 7
585672 18
586240 5
586804 18
587428 11
588064 19
588107 2
588641 13
588671 18
588680 11
588708 18
589234 9
589287 0
589331 2
589377 12
589803 2
589841 12
589880 16
590444 0
590453 9
590506 1
590515 18
590580 15
590616 6
590619 10
590641 12
590660 2
591015 5
591080 13
591107 17
591164 10
591165 14
591171 5
591613 1
591617 8
591683 13
591700 8
591720 18
592228 16
592248 13
592280 9
592313 17
592350 19
592404 11
592467 7
592492 14
592516 16
592837 18
592882 19
592887 0
592892 11
592943 3
592951 9
593007 5
593055 12
593427 14
593458 14
593488 3
593503 17
593536 7
594037 11
594061 9
594066 17
594104 3
594625 16
594689 17
594724 4
594744 4
594764 2
594818 12
594820 17
594865 3
594872 14
595210 4
595803 2
595851 15
595913 0
595979 11
596400 5
597014 4
597026 4
597070 6
597605 17
597648 3
597652 6
597714 1
597726 2
597786 9
597811 14
597838 12
597870 0
598257 17
598322 4
598338 11
598345 3
598367 16
598377 10
598428 7
598487 7
598549 6
598826 14
598852 5
598885 11
598905 11
599409 7
599419 4
600006 0
600027 12
600034 8
600064 2
600099 2
600116 7
600156 13
600200 17
600219 9
600649 18
600685 11
600741 17
600784 7
600784 3
600838 1
600889 1
600910 2
600927 17
601264 11
601319 3
601374 5
601389 6
601836 4
601901 2
601929 16
601934 11
601988 4
602457 5
602463 15
602487 5
603017 14
603082 13
603606 5
603646 13
603661 12
603719 5
603764 2
604222 2
604282 10
604302 10
604825 5
604886 12
604919 1
604966 9
605007 17
605455 1
605487 3
605488 17
605534 15
606066 3
606071 4
606084 14
606093 2
606137 18
606157 3
606654 0
606663 12
606705 5
606706 6
606711 1
606715 15
606728 5
606738 8
606742 6
607262 17
607273 16
607295 8
607348 5
607390 6
607402 14
607422 12
607826 18
607854 4
607876 3
607928 6
607928 8
607930 14
607967 0
608005 8
608007 3
608407 8
608429 16
609038 4
609084 14
609099 0
609104 12
609113 11
609173 13
609234 9
609612 4
609618 18
609620 3
609661 5
609680 4
609744 7
609798 8
609839 18
609844 9
610266 17
610307 11
610866 14
610896 15
611433 19
611486 8
612035 9
612601 6
613203 0
613248 15
613838 1
613887 5
613889 8
613950 4
613978 17
614031 19
614095 17
614455 7
614473 18
615056 15
615101 5
615160 9
615631 0
615636 6
615651 3
615673 16
615690 0
615744 0
615787 10
616260 7
616824 13
616877 5
616925 15
616940 10
616969 6
617017 4
617066 19
617079 1
617452 18
617496 12
618062 16
618636 0
618648 0
618674 15
618689 4
618716 13
618752 7
619211 2
619260 17
619278 17
619328 9
619359 5
619360 17
619361 3
619374 15
619427 1
619841 14
619901 16
619916 11
620438 18
620478 19
620524 9
620573 3
621035 11
621637 2
622201 18
622222 6
622240 5
622278 17
622286 9
622352 3
622372 13
622433 17
622468 12
622833 4
622856 18
622908 9
622967 13
622983 6
622985 12
623022 17
623052 10
623079 1
623423 9
623444 10
623489 9
623526 5
623587 4
623649 15
623694 7
623714 3
623767 6
624016 17
624620 14
624648 7
624649 8
624657 6
624719 5
624739 8
624741 13
624788 0
624841 0
625239 8
625295 12
625802 13
625865 0
625916 12
625956 7
625988 17
626029 11
626066 0
626116 0
626132 10
626411 3
626471 9
626476 14
626516 6
626561 5
626613 1
627066 12
627096 15
627117 3
627171 9
627225 6
627264 2
627330 5
627385 13
627425 9
627601 4
627601 7
627602 15
627605 19
627633 8
627633 3
627675 9
627723 15
627727 3
628235 9
628235 4
628237 6
628292 3
628322 12
628364 19
628412 11
628814 13
628871 13
629451 0
629467 12
630046 5
630047 12
630097 2
630121 15
630182 2
630221 10
630285 15
630326 2
630619 0
630661 12
630676 11
631243 15
631278 12
631838 19
631867 3
631923 16
631982 7
632048 12
632090 13
632123 8
632177 5
632241 6
632455 17
632478 10
632487 6
632544 5
632549 9
632595 6
632616 0
632631 19
632694 15
633035 11
633606 7
634214 10
634855 4
635419 11
636005 19
636619 3
636659 3
637239 8
637823 0
637861 10
637901 0
637967 2
638005 5
638017 19
638069 3
638437 8
639056 3
639072 11
639084 13
639149 3
639213 1
639258 1
639275 8
639298 10
639642 18
639706 18
640257 0
640291 11
640307 3
640344 10
640851 11
640883 10
640905 13
641466 1
641516 0
641548 11
641613 9
641627 11
642062 12
642651 14
642690 11
642753 18
642806 19
642808 3
643238 12
643254 4
643846 5
644461 12
644503 3
644563 0
644568 6
645063 19
645620 13
645644 12
645695 9
645721 15
645764 4
645802 17
646207 0
646246 12
646259 11
646306 18
646318 12
646841 3
646903 11
647403 16
647405 10
647468 2
647468 18
647472 0
648044 3
648642 7
648698 19
648757 8
648787 11
649206 0
649240 7
649300 12
649346 10
649360 0
649374 16
649391 7
649456 9
649486 15
649864 5
649921 18
649937 12
649980 12
649997 4
650018 12
650425 13
650441 10
650441 8
650447 9
650512 11
650569 0
650622 2
651066 11
651119 0
651177 12
651660 17
651709 16
652235 7
652826 8
652885 1
652924 12
652976 14
652978 10
653462 7
653475 14
653479 3
653540 11
653578 17
653630 8
654058 6
654623 4
654644 15
655266 2
655325 4
655334 5
655350 15
655395 2
655437 16
655440 16
655503 5
655541 2
655812 5
655852 0
655885 6
655944 15
655974 9
656012 1
656050 10
656051 5
656463 18
657031 15
657093 11
657104 7
657611 9
657647 7
657648 0
657712 13
657732 7
657773 18
658251 2
658307 5
658810 7
659405 19
659447 16
659473 7
659526 16
659582 3
659588 10
659654 5
660009 5
660631 5
660660 10
660711 1
660751 14
660816 1
660837 2
660847 11
660893 3
661225 13
661865 1
661906 3
662410 7
662467 3
663000 14
663635 3
664201 3
664258 4
664287 0
664350 3
664374 4
664413 11
664465 8
664519 19
664532 2
664828 4
664832 15
664861 19
664901 5
664952 4
665002 8
665022 5
665030 11
665067 5
665416 7
666030 3
666619 12
666656 4
666676 2
666727 14
666790 10
666829 19
666893 3
667241 18
667827 2
668422 14
669033 12
669066 16
669098 7
669147 15
669191 5
669647 12
669712 13
669730 8
670229 0
670259 14
670263 1
670274 7
670820 9
670869 5
670920 14
671456 19
671490 15
672007 1
672660 14
672708 16
672744 6
672775 4
673223 1
673225 5
673246 2
673859 12
673887 17
674462 19
674483 14
674514 4
674554 8
675016 11
675082 8
675120 14
675128 17
675169 7
675190 14
675209 10
675242 15
675299 17
675631 18
675636 0
675640 18
676247 3
676277 8
676289 2
676860 13
676916 7
676956 17
676958 3
677002 19
677432 4
677452 9
677482 7
677496 18
677513 17
677545 15
677548 14
677576 5
677592 3
678033 8
678605 6
679222 0
679229 17
679243 13
679293 13
679314 4
679341 18
679359 11
679377 6
679395 0
679845 4
679879 12
679937 12
679976 10
679982 14
680452 8
681060 12
681633 16
681649 3
681713 19
681730 16
681790 7
681843 6
681876 16
682262 10
682293 15
682332 12
682862 1
682891 17
682940 16
682978 19
683028 19
683073 13
683081 5
683447 18
684013 13
684062 3
684092 11
684117 18
684635 17
684646 4
684676 1
684714 17
685255 9
685293 3
685316 4
685319 0
685350 10
685391 16
685843 14
685873 4
685885 10
685948 15
685968 9
686014 11
686058 9
686449 15
687053 13
687069 7
687073 17
687097 11
687149 2
687660 13
687688 0
687702 1
687734 12
687747 10
688211 7
688275 18
688281 11
688347 3
688838 4
688867 16
688889 0
688913 10
688929 3
688979 2
689019 19
689083 0
689111 15
689459 16
689509 14
689553 10
689607 0
689639 7
689641 1
689645 12
689706 13
689718 16
690013 8
690023 17
690614 7
690632 9
690677 1
691207 10
691242 17
691263 4
691271 8
691326 8
691349 12
691373 5
691439 18
691474 11
691820 5
691837 3
691866 0
691919 1
691929 19
691932 10
691967 2
692027 8
692433 10
692437 9
693027 14
693057 13
693102 1
693104 13
693150 9
693191 2
693255 5
693319 13
693615 15
693676 10
693700 15
693748 0
694263 18
694273 4
694303 14
694363 4
694406 8
694444 19
694508 0
694558 11
694608 18
694829 7
694854 6
694855 12
695431 17
695455 10
695462 9
696058 7
696061 14
696111 3
696137 13
696624 8
696645 18
696653 16
696713 1
696751 3
696808 13
696843 7
696894 0
696922 1
697263 19
697849 14
697904 18
698428 4
698491 11
698525 4
699003 7
699049 4
699631 17
700235 1
700800 11
701438 13
702023 0
702634 0
703221 14
703286 18
703344 1
703389 3
703420 15
703470 4
703484 5
703548 2
703603 3
703807 18
703827 10
704439 10
704492 7
704527 12
704575 2
705017 18
705653 18
706231 3
706294 10
706340 8
706387 5
706430 13
706487 9
706498 4
706561 2
706835 11
706856 15
706866 11
706888 10
706899 1
706925 13
706963 18
707006 6
707027 8
707436 3
707464 16
707525 7
707585 1
707593 16
708056 5
708085 0
708092 8
708105 2
708167 5
708227 14
708604 14
708611 15
708622 8
708674 2
709207 1
709249 16
709261 4
709268 9
709299 14
709858 14
709919 0
709971 14
709998 9
710026 3
710425 14
710461 14
710497 14
711011 9
711639 14
711702 12
712229 2
712260 15
712265 8
712271 6
712311 9
712365 7
712371 19
712371 13
712388 16
712854 10
712866 9
712930 5
712993 9
713000 10
713030 18
713094 0
713096 9
713160 19
713425 10
714036 15
714096 18
714106 16
714132 14
714165 0
714218 6
714229 14
714245 12
714254 1
714629 9
714685 3
714696 18
714757 6
714769 19
714827 3
715240 3
715844 10
715875 14
715899 0
715945 10
715997 19
716005 5
716070 7
716123 17
716128 14
716465 12
716512 5
716525 17
717026 6
717072 5
717116 8
717143 10
717605 12
717667 0
717709 15
718218 17
718251 11
718259 5
718298 6
718334 9
718816 16
718843 14
718859 7
718922 18
718940 3
718941 4
719002 17
719026 6
719045 9
719405 15
719431 11
719483 10
719489 18
720010 16
720049 18
720114 6
720162 3
720657 3
720703 10
720720 2
720756 7
720811 3
720876 6
720896 4
720944 15
721220 2
721250 17
721314 16
721371 2
721431 11
721496 9
721515 15
721834 14
721878 13
721883 14
721927 6
721939 9
721975 2
722007 17
722433 10
722475 3
722511 1
723049 0
723087 1
723612 12
724240 16
724282 2
724860 17
724900 3
724950 19
725006 15
725024 6
725037 9
725066 6
725098 4
725144 18
725405 6
725417 19
725475 5
726036 7
726621 19
726635 5
726665 18
726686 0
726689 6
726741 6
726787 7
726835 10
726891 11
727233 12
727265 9
727299 2
727322 17
727365 9
727408 6
727462 4
727469 13
727866 15
727888 11
727895 15
728435 3
728487 3
728494 3
728503 0
728505 11
728568 13
728594 2
728631 9
728654 10
729050 7
729094 17
729103 8
729153 19
729169 4
729643 9
729655 5
729669 12
730244 3
730276 10
730282 17
730301 10
730367 1
730827 13
731462 12
731501 2
731517 7
731577 10
732000 9
732035 1
732091 17
732121 12
732187 12
732226 18
732229 10
732234 14
732296 10
732605 18
732636 10
732637 4
732661 6
732706 18
732730 0
733251 15
733827 12
733846 18
733880 14
733945 7
734418 12
734480 10
734485 6
734499 16
734530 2
735025 4
735078 7
735666 5
735695 14
735697 6
736258 7
736854 6
737401 19
737404 16
737431 15
737462 15
737516 12
737516 2
737563 13
737629 12
737693 6
738015 17
738024 15
738052 0
738083 17
738132 14
738170 4
738230 12
738281 6
738299 15
738615 1
738628 16
738662 18
738685 4
739208 5
739270 14
739336 10
739360 10
739852 12
739900 12
739936 11
740447 6
740452 14
740478 5
740510 3
740555 8
740568 19
741037 12
741055 6
741615 1
741662 2
741709 4
741742 0
741784 0
741813 11
741855 12
741856 8
741920 17
742248 19
742844 14
742850 15
742864 14
742906 1
743440 17
743490 18
744019 10
744080 2
744089 2
744106 11
744131 13
744623 17
744652 8
744654 10
744685 3
744708 18
744745 0
745202 15
745258 11
745320 2
745817 15
746428 13
746461 8
747063 17
747072 12
747076 9
747128 12
747142 6
747207 11
747271 4
747604 7
748209 0
748261 2
748308 15
748845 7
748869 3
748911 1
748972 14
749439 5
749499 8
749524 17
749583 12
749589 7
749606 12
749645 17
749672 6
749738 12
750041 1
750044 1
750091 15
750632 18
750697 14
750697 13
750709 7
750741 6
751220 5
751259 8
751269 15
751319 4
751339 4
751394 6
751438 10
751466 12
751500 19
751834 3
751853 10
751898 10
751904 12
751961 14
752005 17
752052 9
752075 12
752141 11
752428 12
753043 2
753046 6
753053 17
753082 2
753645 3
753654 17
754247 18
754247 12
754249 13
754848 19
754903 11
755428 9
756066 10
756118 7
756128 3
756162 13
756179 4
756217 2
756269 15
756280 0
756339 15
756659 6
756718 9
756752 4
756769 6
756779 10
757256 2
757863 17
757908 14
757956 1
757991 3
758462 7
758481 7
758547 2
759064 2
759112 7
759627 12
759647 10
759685 13
760226 18
760287 6
760340 14
760341 9
760848 8
760906 17
761461 3
762035 2
762051 9
762084 16
762662 5
762703 15
763237 4
763266 14
763305 17
763361 14
763389 19
763426 19
763464 18
763482 5
763810 15
763851 7
763903 18
763951 16
763953 17
764452 5
764471 2
764519 7
764528 6
764540 13
764568 4
764608 16
764635 2
765028 0
765055 4
765075 0
765121 4
765128 2
765151 16
765207 7
765229 15
765248 9
765620 12
765677 11
765721 2
765730 4
765769 11
765831 3
765872 2
765894 13
765911 18
766222 6
766229 8
766236 5
766826 6
766853 12
766894 18
766902 9
767462 17
767522 18
768064 3
768112 15
768173 0
768655 5
768670 17
769233 2
769803 4
769819 16
769871 4
769925 11
770460 11
770519 1
770543 1
770566 16
770588 11
770606 8
770609 6
770662 18
770687 3
771063 12
771655 3
771700 7
771746 5
771770 14
772231 16
772240 15
772293 9
772318 5
772846 9
772879 18
772929 0
772988 5
772988 18
773009 5
773010 4
773042 2
773452 0
773496 1
773531 19
773536 7
773559 7
773572 13
773601 18
773641 14
773665 16
774034 4
774079 16
774628 11
775257 2
775267 15
775323 5
775810 14
775821 16
775842 17
775862 16
775925 16
775946 15
776002 3
776053 19
776101 17
776432 11
776451 15
776510 19
776515 5
776529 18
776546 4
776601 2
777028 19
777039 0
777093 12
777138 11
777170 13
777214 18
777271 5
777325 17
777388 18
777602 13
777625 4
777675 16
777723 10
777724 0
777746 7
778246 2
778308 4
778339 3
778823 11
778869 11
778900 19
779417 1
779450 8
779493 16
779557 15
780056 10
780120 17
780159 14
780164 9
780226 9
780236 17
780276 0
780316 11
780368 2
780640 8
780663 17
780676 9
780689 15
780692 16
780715 1
780724 9
780725 14
780771 15
781230 3
781294 5
781330 0
781859 1
781922 7
781965 4
782458 7
782503 7
782568 10
782604 6
783018 8
783032 6
783661 13
783719 16
783755 18
783808 19
783825 11
783868 8
783925 15
784234 15
784284 9
784341 11
784858 9
784878 2
785404 1
785418 0
785474 0
785518 16
785532 1
785597 12
785639 18
785701 11
785731 2
786055 12
786058 2
786068 1
786092 11
786129 2
786177 19
786189 10
786656 6
786667 2
786705 13
786746 17
786810 12
787212 19
787846 10
788425 13
789057 13
789614 7
790237 16
790847 14
790911 14
790915 0
790962 4
791457 9
792057 9
792105 16
792629 7
792675 4
792732 11
793202 2
793226 19
793833 15
793841 14
793856 11
793906 9
793971 12
794017 11
794439 18
794454 9
794488 1
794499 10
794558 4
794589 12
794651 4
794705 0
794741 3
795015 0
795070 14
795085 2
795643 6
796236 11
796262 7
796317 15
796352 16
796844 2
796877 16
796891 3
796924 16
796962 8
796963 10
796995 14
797053 12
797422 10
797426 12
797471 9
797529 19
797564 11
798059 3
798107 9
798159 10
798171 11
798229 17
798247 13
798300 16
798353 17
798661 14
798715 0
798723 7
798776 14
798810 5
798845 2
798854 8
798859 1
798860 18
799237 7
799285 11
799343 5
799850 8
799888 5
799951 1
799987 4
799993 3
800051 8
800111 6
800151 13
800207 10
800455 14
800467 10
800530 0
801045 18
801048 2
801652 0
801681 13
802217 15
802223 18
802241 16
802275 3
802304 8
802349 3
802388 15
802806 2
803448 5
803457 14
803496 3
803526 16
803581 18
803628 4
803628 8
803639 19
803695 11
804031 19
804046 3
804063 11
804115 8
804134 11
804186 6
804610 10
804641 9
804692 1
804707 12
804735 2
804759 7
804819 11
804843 19
804863 13
805243 12
805265 17
805329 12
805375 10
805389 16
805855 17
805886 2
805897 6
805929 13
805938 0
805939 15
805954 13
806016 19
806035 4
806422 9
807038 19
807044 6
807110 14
807161 1
807166 5
807655 8
807688 9
807731 15
808201 4
808238 8
808252 2
808312 0
808347 7
808376 5
808425 12
808438 1
808819 11
808835 18
808893 7
808925 3
808936 5
808950 14
808967 4
809012 2
809413 9
809470 3
809498 15
809526 4
810059 14
810076 18
810121 6
810630 5
810674 2
811214 18
811256 3
811282 4
811329 2
811336 8
811347 8
811844 13
811893 4
811927 19
812455 11
812484 16
812519 15
813035 16
813610 17
813641 2
813677 4
813727 10
814254 18
814287 8
814301 13
814327 4
814391 14
814423 10
814811 16
815409 15
815441 1
815503 17
815538 17
816065 15
816128 2
816156 12
816159 14
816161 6
816220 7
816274 11
816323 3
816323 1
816658 1
816704 3
816707 1
817264 19
817328 4
817355 3
817395 17
817443 5
817500 0
817555 10
817603 7
817842 16
818416 4
818436 18
819046 12
819655 15
819720 12
819767 7
820241 2
820261 3
820261 2
820323 11
820335 5
820340 10
820396 18
820399 2
820811 17
820844 16
820845 13
820861 3
820895 5
821414 12
821421 4
822042 12
822108 2
822169 13
822180 5
822649 19
823231 18
823239 5
823299 11
823809 8
823874 4
823882 0
823913 4
823953 17
824017 3
824072 13
824086 7
824106 14
824433 10
824444 0
824477 14
824502 19
824563 9
824619 7
824666 13
824684 7
824737 12
825029 9
825032 12
825082 13
825111 9
825647 7
825712 16
825766 3
825816 17
825869 0
825920 6
825961 10
826003 14
826050 18
826265 3
826304 5
826358 15
826378 2
826836 18
826866 8
826887 0
826889 16
826912 17
826920 19
826953 0
827019 2
827040 11
827402 11
827457 3
827505 18
827505 16
828007 9
828054 5
828614 12
828642 1
828693 8
828719 10
829235 5
829263 7
829811 5
829865 7
829917 18
830461 14
830486 12
831021 0
831066 3
831104 10
831123 1
831600 14
831657 13
831704 5
831745 3
831791 1
832234 4
832813 9
833408 16
833463 12
833475 11
833536 9
834031 14
834094 14
834148 1
834151 12
834657 11
834666 5
834725 1
834746 10
835247 2
835255 7
835860 19
835865 19
835893 16
835906 13
835967 9
836017 2
836429 9
836477 1
836518 6
836556 2
836616 10
836644 6
836691 11
836696 11
836696 5
837021 2
837054 18
837064 4
837099 6
837128 10
837166 5
837179 6
837226 9
837278 3
837627 0
837679 18
837734 4
837754 12
837758 16
837766 2
838251 6
838854 12
838890 18
838902 11
839446 3
839450 13
839460 15
839461 18
839469 2
839503 17
840048 7
840100 3
840611 5
841249 15
841289 15
841861 9
841905 4
842448 2
842498 2
843007 16
843641 9
843673 9
843686 10
843719 13
844242 15
844815 10
844825 12
844868 18
844890 18
844902 19
845410 0
845416 10
845474 0
845505 11
845505 4
845527 10
845588 4
846027 3
846056 5
846069 6
846077 5
846093 0
846098 15
846662 2
847242 7
847818 17
847836 16
847869 10
847894 14
847919 3
847973 3
848015 4
848457 10
848472 6
848528 10
848552 3
848599 5
848602 8
848656 11
848665 19
848706 17
849046 0
849094 14
849123 9
849172 13
849236 15
849247 19
849280 19
849604 6
849670 3
849670 17
849729 16
850247 7
850828 4
850851 16
851409 19
851412 14
851474 17
851481 4
852037 12
852091 12
852110 2
852154 15
852194 12
852199 7
852203 15
852233 12
852299 4
852605 4
852635 6
852682 19
853225 0
853281 13
853295 18
853850 3
853881 8
853915 3
853955 18
854427 4
854463 1
855053 18
855082 18
855118 12
855623 9
855647 1
855686 16
855709 16
855755 17
855755 16
856262 0
856840 15
856865 17
856915 11
857423 12
857430 9
857462 2
857485 18
858056 19
858061 2
858616 10
858673 18
858674 8
859261 17
859306 1
859812 16
859837 11
860420 4
860446 12
860504 10
860506 6
860507 8
861000 5
861040 6
861081 4
861662 8
861666 5
861726 1
861754 2
861780 4
861828 7
861878 4
862258 18
862269 7
862326 1
862355 13
862385 0
862844 14
862883 14
862895 3
862929 10
862968 9
863001 2
863407 16
863469 3
863520 10
864035 10
864619 12
864654 10
864658 5
864689 9
864697 19
865207 8
865251 2
865317 7
865363 2
865369 7
865822 15
865828 1
865858 13
865892 3
865952 11
865969 2
865978 6
866022 16
866023 13
866446 5
867027 14
867027 1
867029 5
867080 18
867663 6
867691 6
867701 4
867702 13
867736 17
867763 9
868216 1
868800 0
869405 17
869416 14
869461 8
869499 9
869554 12
869605 14
869609 13
869616 1
869682 12
870037 3
870058 8
870104 6
870108 12
870165 5
870225 9
870267 0
870655 18
870666 2
870723 18
870739 9
870794 10
870853 9
870910 10
870920 1
870984 15
871261 5
871827 6
871891 16
871942 12
872409 16
872433 9
873037 3
873600 13
873666 5
873712 19
873712 1
874207 17
874239 12
874850 18
874904 17
874907 16
874920 15
874954 18
875018 18
875452 3
875484 5
875489 15
875525 6
875542 2
876019 18
876037 2
876039 18
876039 18
876074 5
876081 11
876101 3
876103 6
876601 15
876649 11
876683 8
876731 17
877264 5
877299 6
877329 5
877371 2
877408 16
877416 15
877851 15
877910 18
877944 3
877951 11
878440 7
878476 5
878518 6
878578 8
878640 16
878703 8
878718 2
878732 16
878743 1
879029 18
879085 19
879134 17
879135 18
879164 7
879611 14
879673 10
879692 8
879716 2
879776 16
879835 8
879857 17
879867 3
879870 6
880203 3
880230 16
880828 2
880892 3
880895 11
880927 19
880988 0
881039 15
881420 17
881425 1
882010 3
882051 0
882073 17
882119 16
882617 13
883264 19
883314 11
883323 13
883342 15
883397 13
883418 2
883444 11
883855 12
883906 6
884423 8
884474 6
884516 15
884534 15
885016 9
885023 4
885030 3
885654 2
885699 8
885709 18
885773 0
885773 19
885781 7
886241 10
886279 2
886329 19
886828 7
887451 17
887495 6
887523 6
887570 5
887601 11
887658 0
887702 3
887768 15
888002 8
888035 5
888624 7
889210 9
889210 16
889254 4
889311 19
889860 10
889876 4
889879 4
890455 18
890505 5
890555 4
890578 17
890599 4
890600 12
890623 11
890656 8
890683 10
891012 14
891032 2
891070 19
891073 17
891120 15
891642 10
891698 16
892214 4
892228 4
892285 7
892860 7
892891 10
892922 6
892958 14
893447 17
894001 4
894028 8
894044 9
894078 7
894631 17
894657 12
895250 5
895269 3
895308 0
895327 3
895359 17
895404 6
895433 13
895455 4
895480 13
895814 7
895862 14
895897 2
895938 4
896001 19
896430 12
896489 2
896500 8
896527 17
896551 6
896604 13
896666 19
896697 5
896725 17
897027 17
897029 14
897070 13
897120 12
897180 11
897652 13
897689 17
898238 17
898243 1
898840 18
898888 4
898917 12
898953 18
898960 0
899413 5
899458 15
899511 7
899547 4
899553 6
899591 15
899640 11
899695 15
900063 8
900109 17
900169 14
900648 10
901208 12
901813 18
901830 4
901875 17
901876 4
901927 7
901935 18
901957 2
901977 13
902002 11
902422 3
902454 4
902507 17
903034 2
903096 11
903631 9
903645 5
904244 3
904245 16
904249 16
904284 10
904324 7
904366 12
904422 12
904477 15
904492 9
904824 2
904844 12
904847 16
904897 11
904924 9
904952 6
904956 12
905009 7
905017 15
905452 1
906049 5
906094 11
906100 15
906164 19
906222 4
906228 4
906254 4
906275 18
906299 11
906610 19
907221 12
907240 3
907289 2
907342 17
907391 12
907404 5
907467 9
907489 5
907512 5
907806 8
907867 15
907906 19
907916 6
907922 11
908405 1
909057 0
909123 7
909154 7
909162 13
909164 0
909227 4
909253 17
909627 16
910244 6
910296 3
910337 17
910375 2
910407 0
910471 9
910528 16
910586 11
910586 6
910813 14
910846 18
910872 19
911453 6
911457 15
912066 1
912081 6
912105 1
912118 11
912176 0
912606 18
912641 12
913224 5
913267 4
913332 13
913363 3
913368 7
913425 0
913465 0
913812 5
914407 12
914444 9
914471 1
914489 18
914500 19
914525 2
914552 2
914613 14
915038 1
915059 16
915090 8
915141 19
915166 8
915209 14
915262 0
915313 4
915334 9
915647 15
915655 15
915663 5
915723 15
915757 17
915813 4
916200 6
916814 16
916818 19
917401 16
918020 19
918068 16
918101 17
918134 4
918163 14
918188 6
918222 11
918275 2
918298 12
918609 15
919266 19
919322 13
919384 2
919827 2
919840 16
919865 9
920401 8
920455 1
920480 1
921036 3
921088 15
921146 7
921189 9
921233 12
921252 5
921282 5
921309 19
921665 0
922247 13
922277 3
922335 18
922397 4
922417 18
922431 19
922440 0
922472 1
922507 0
922852 15
923459 0
923522 8
923549 6
923553 11
923582 5
923634 15
924019 4
924046 3
924070 12
924115 7
924179 0
924183 7
924220 19
924283 4
924303 10
924622 0
924646 10
925266 4
925298 19
925317 17
925325 4
925344 6
925826 15
925836 18
925864 2
926444 18
926455 12
926484 15
926520 9
926544 15
926609 8
926634 9
926674 13
926699 9
927048 9
927086 12
927144 7
927150 2
927169 1
927183 11
927248 7
927281 2
927332 6
927605 19
927619 4
927685 7
928200 17
928229 9
928232 12
928268 2
928276 6
928341 6
928392 5
928417 5
928831 19
928890 14
928945 15
929403 6
930018 4
930078 8
930085 18
930110 3
930176 16
930666 17
930693 7
930721 12
930739 13
930780 7
930793 19
930833 18
930886 14
931225 17
931280 10
931824 15
931881 4
932452 9
932476 2
932484 7
933035 11
933040 6
933657 16
933710 13
933745 10
933747 5
934207 19
934854 0
934908 6
934920 11
934933 7
935452 19
936027 8
936077 6
936087 16
936629 2
936682 19
936716 19
936727 13
936782 3
936814 17
936850 4
936896 12
936907 14
937248 9
937293 5
937310 12
937341 2
937808 11
937870 16
937926 14
937973 11
937998 8
938043 13
938069 0
938427 9
938477 11
939038 6
939084 2
939101 10
939121 10
939615 18
940201 7
940216 17
940834 18
940878 3
940924 6
940925 16
940952 8
941411 19
942039 14
942048 15
942083 10
942606 8
943203 15
943224 1
943224 17
943228 1
943265 6
943302 12
943342 16
943393 1
943853 18
943873 0
943892 6
944454 3
945051 13
945075 7
945075 0
945099 4
945156 4
945188 2
945243 0
945615 7
945618 13
945669 9
945732 15
945773 14
946231 17
946250 11
946275 19
946302 13
946862 18
946882 18
947414 11
947420 6
947429 11
947469 9
947496 10
947502 6
948011 1
948023 13
948075 16
948101 2
948130 6
948135 11
948155 4
948184 3
948234 13
948621 3
949262 19
949275 1
949830 19
949879 17
949901 17
949929 8
949942 9
949946 7
949996 14
950024 17
950055 14
950411 19
950471 18
950472 2
951062 1
951126 11
951179 14
951664 12
951682 11
951683 3
951708 3
951713 19
951724 3
952265 15
952309 3
952825 1
953403 15
954054 10
954079 5
954124 18
954143 5
954204 9
954266 10
954306 19
954666 12
955220 7
955246 6
955312 5
955358 8
955391 8
955806 5
955862 12
956419 14
956431 14
957040 6
957067 14
957122 11
957139 10
957609 13
957661 17
957681 2
957684 18
957725 16
958226 16
958230 18
958270 7
958275 10
958276 19
958281 3
958287 12
958295 16
958347 1
958844 5
958890 11
958912 10
958926 15
958928 14
958970 19
959453 7
959497 5
959552 10
960033 14
960078 6
960113 6
960149 18
960180 19
960608 3
960662 18
960723 13
960757 8
960801 4
960850 2
961219 12
961235 19
961246 4
961282 1
961327 6
961366 8
961368 16
961428 2
961450 8
961863 11
961920 17
961971 11
962406 3
962449 18
962463 3
962470 5
962510 0
962510 8
962569 13
962623 5
962647 16
963015 13
963076 7
963076 9
963629 17
963647 7
963659 2
963694 7
963745 16
963782 18
963846 6
964208 10
964220 19
964254 4
964312 10
964342 19
964358 19
964403 10
964429 3
964437 16
964851 3
964881 15
964883 13
964903 8
964913 16
964966 3
965436 3
965476 12
965530 7
965588 2
965611 3
965639 5
965696 5
966025 6
966037 4
966088 2
966638 13
966699 0
966754 10
966817 13
966867 3
967259 8
967313 13
967338 2
967400 4
967417 1
967427 2
967428 14
967436 18
967484 10
967825 5
967856 0
967882 16
967945 10
968004 10
968427 15
968475 15
968489 17
968508 10
968511 13
968544 18
969028 18
969029 17
969062 12
969079 13
969119 0
969121 14
969630 4
969655 4
969697 7
969748 12
969786 0
969804 5
969861 0
969868 18
970247 8
970250 7
970305 10
970311 4
970323 18
970347 4
970353 9
970357 15
970407 4
970859 8
970925 3
971406 6
971459 10
971520 18
971556 6
972011 15
972069 4
972110 19
972657 13
972660 14
972690 10
972709 4
973250 13
973293 8
973329 8
973365 13
973418 12
973419 15
973459 16
973484 8
973489 11
973816 15
973840 8
973851 13
973909 3
973968 1
974003 6
974036 13
974419 17
974435 8
974501 5
974554 5
974568 7
974579 17
974620 2
975012 10
975038 1
975082 9
975104 8
975610 0
976215 13
976278 16
976315 7
976318 9
976335 15
976349 12
976373 19
976400 5
976417 13
976810 10
976825 1
976865 10
976871 13
976872 12
976935 3
977446 5
977495 15
977546 17
978004 7
978600 10
978632 14
978683 11
978737 4
978788 18
978791 11
979216 17
979243 1
979840 9
979843 10
979906 8
979919 11
979962 8
979998 16
980449 18
981000 18
981062 10
981066 7
981068 14
981074 2
981601 14
982246 0
982286 15
982347 11
982410 3
982438 15
982444 5
982459 9
982491 1
982534 2
982823 0
982828 13
982836 10
982880 10
982910 10
983423 1
983462 3
983474 6
983500 18
983506 9
983527 10
984029 17
984661 7
985255 18
985283 8
985863 16
985886 13
985936 10
985973 6
986002 15
986409 3
986439 13
986479 15
986486 18
986501 9
986510 8
986559 12
987003 13
987064 6
987072 7
987615 18
987627 3
988224 14
988259 6
988297 4
988865 15
988926 6
988976 16
988976 3
988985 5
989017 16
989453 14
989456 15
989488 12
989503 6
989523 10
990031 13
990649 18
990713 16
991238 13
991238 15
991303 5
991357 16
991860 13
991896 18
991961 18
992014 10
992461 15
993006 7
993056 6
993104 0
993127 18
993150 7
993185 16
993216 4
993627 18
993693 13
994230 18
994234 15
994264 3
994281 13
994295 0
994344 18
994385 2
994429 4
994440 12
994823 4
994832 10
994857 3
994906 11
994972 19
995026 16
995065 5
995083 16
995137 11
995434 9
995484 13
995517 10
995573 8
996045 18
996093 12
996626 4
996681 7
997201 8
997858 5
997860 10
997866 5
998445 4
999058 12
999099 14
999152 16
999199 14
999215 16
999260 12
999274 11
999632 18
999681 0
999745 16
999794 5
999798 3
999837 5
999839 3
999900 17
