159 32
177 10
660 22
815 16
912 23
1301 29
1483 0
1659 34
1984 32
2063 19
2198 23
2420 26
2592 15
3065 27
3736 7
3876 35
3981 0
4334 28
4402 8
4516 9
4948 26
5098 22
5113 16
5537 31
5667 13
6037 22
6236 11
6242 24
6621 27
6651 28
6760 22
7276 37
7447 6
7585 34
7907 34
7960 6
8045 5
8528 5
8640 36
8704 3
9130 15
9208 2
9216 6
9610 25
9657 37
10330 15
10489 19
10619 22
10885 27
10969 4
10983 35
11430 18
11530 19
11586 18
12130 4
12154 30
12186 32
12624 27
12634 7
12788 7
13214 24
13892 34
14026 38
14566 25
14669 5
14722 26
15012 27
15101 28
15218 2
15772 31
15875 17
15888 35
16369 2
16494 4
16849 11
17007 2
17177 10
17586 39
17656 23
17713 24
18110 36
18288 19
18326 7
18618 10
19358 38
19514 27
19705 11
19815 23
19887 9
19892 22
20419 28
20558 13
20634 16
21130 3
21280 26
21618 27
21718 33
21775 16
22387 8
22587 15
22639 25
22847 35
22903 3
22941 9
23589 23
23620 5
23695 24
24164 27
24299 0
24439 2
24694 6
24862 28
25274 39
25406 8
25602 36
25936 12
25964 2
26103 32
26488 32
26505 17
26672 7
27095 33
27759 13
27951 39
28007 26
28318 32
28403 18
28572 28
28912 19
29104 18
29407 25
29437 7
29561 1
30014 13
30103 35
30297 27
30606 11
30681 25
30802 17
31259 19
31872 11
31970 7
32545 24
32565 27
32740 35
33191 35
33301 36
33357 1
33639 26
33724 15
34234 12
34344 11
34942 20
35401 19
35470 22
35615 21
36070 1
36244 1
36332 30
36754 13
36855 22
36873 20
37344 35
37458 39
37520 18
37947 6
38079 29
38196 6
38480 27
38545 7
38628 34
39074 38
39082 38
39082 24
39622 25
39777 2
39925 26
40348 37
40445 28
40557 19
40929 8
41094 13
41450 21
41567 25
41761 10
42064 2
42155 39
42239 25
42689 2
42882 22
43247 24
43396 5
43484 33
43974 1
44494 2
45080 35
45251 34
45380 34
45661 7
45744 34
46225 12
46311 4
46422 17
46840 15
47493 19
47570 28
47770 25
48119 35
48165 11
48298 4
48619 5
49267 1
49898 20
49977 12
49978 21
50536 24
50649 14
50753 21
51105 3
51170 10
51182 15
51762 15
51833 36
51990 35
52240 4
52415 36
52474 36
52876 1
52944 36
53442 6
53620 17
53730 25
54111 35
54118 24
54133 9
54647 22
54680 13
54743 21
55292 17
55302 28
55913 30
56031 15
56215 9
56536 22
56618 20
56763 34
57079 29
57101 35
57152 35
57773 14
57862 20
58274 20
58884 6
58952 12
59071 1
59558 21
59584 16
59616 26
60103 24
60170 17
60718 13
61394 29
61442 36
61607 5
61989 5
62081 3
62250 6
62559 36
63044 21
63217 24
63306 28
63602 7
63604 22
63657 37
64307 15
64349 14
64841 19
64925 35
65565 18
65675 6
65757 23
66136 7
66224 30
66364 30
66600 12
66613 27
66747 33
67371 38
67404 26
67418 19
67822 5
67986 38
68180 17
68558 27
68678 5
69045 39
69115 35
69165 36
69735 13
69748 0
70361 30
70428 15
70451 0
70902 23
70937 22
71025 4
71527 19
72172 13
72370 38
72462 32
72617 5
72813 25
73304 5
73361 24
73466 25
73957 35
73961 36
74133 25
74547 1
75165 14
75308 23
75328 3
75793 23
75852 9
76002 15
76260 22
76361 6
76848 2
76941 5
77516 23
77649 22
78031 18
78042 24
78767 23
78919 11
78935 37
79376 21
79398 31
79547 10
79936 18
80024 26
80053 3
80540 20
81186 34
81335 13
81618 32
81681 24
81757 28
82378 39
82419 22
82424 28
82940 21
83092 28
83218 28
83426 0
83564 10
83594 6
84059 22
84097 19
84234 36
84794 39
84994 14
85176 36
85256 5
85270 7
85458 33
85834 24
85974 33
86170 6
86564 30
86693 36
86779 9
87133 11
87321 0
87641 0
87671 25
87787 32
88201 25
88851 15
88942 17
88982 20
89541 16
90077 23
90611 23
91370 8
91559 13
91613 4
91815 6
91874 28
91889 34
92518 29
92592 36
92717 37
93191 27
93353 37
93458 20
93781 6
93810 6
93993 32
94389 19
94532 19
94672 33
94926 33
95099 33
95448 21
95609 17
95722 11
96167 13
96290 11
96439 29
96699 2
96846 12
97013 5
97305 25
97486 2
97844 20
97916 20
98558 38
98661 2
98843 29
99116 28
99212 35
99344 25
99624 13
99770 36
99898 34
100296 10
100315 18
100349 25
100955 3
100989 36
101117 12
101475 7
101571 3
101698 31
102181 34
102256 18
102731 14
103294 30
103439 22
103491 21
103834 23
104591 20
105073 39
105793 38
105891 18
106030 19
106258 24
106270 39
106412 0
106933 33
107046 27
107192 21
107464 26
107543 32
108192 12
108336 8
108500 10
108714 34
108891 11
108998 11
109349 18
109351 24
109445 39
109917 29
109985 15
110159 23
110477 22
111114 0
111297 15
111324 34
111623 33
111816 26
112005 16
112292 16
112422 22
112839 28
112916 25
113050 34
113412 8
113492 37
113624 10
114059 4
114694 26
114836 21
114999 22
115333 32
115513 10
115602 31
115808 10
115919 11
115943 16
116424 6
116615 13
116689 8
117123 31
117142 25
117330 9
117775 12
117796 3
117874 10
118387 7
118509 16
118561 30
118843 6
118939 13
119092 38
119504 5
119693 29
119747 32
120050 6
120168 0
120219 36
120774 2
121358 1
121409 0
121417 19
121941 32
121999 35
122022 0
122503 36
122650 36
122792 24
123050 9
123131 3
123133 35
123752 10
124328 37
124472 39
124483 23
124943 0
125035 21
125102 2
125471 18
125508 11
125566 29
126148 24
126165 39
126239 27
126672 26
126834 35
127268 25
127369 38
127554 20
127853 10
127975 18
128146 11
128600 36
128783 39
129030 27
129198 32
129269 15
129652 19
129685 8
129874 25
130376 0
130519 7
130945 12
131044 25
131118 16
131456 26
131511 15
131682 26
132114 28
132123 14
132136 38
132663 14
132677 39
132843 11
133293 17
133377 7
133383 31
133857 4
133996 7
134191 29
134592 34
134610 7
134807 23
135160 25
135627 0
135744 13
135922 13
136237 25
136317 37
136458 11
136825 25
136989 6
137067 37
137406 7
137483 4
137539 6
138190 4
138206 37
138376 30
138710 26
139271 25
139424 36
139560 14
139987 35
140072 24
140130 26
140557 35
141183 20
141309 6
141704 0
142393 5
142476 29
142951 31
143139 7
143157 25
143467 22
144192 30
144287 26
144295 0
144676 35
144852 1
144909 10
145273 29
145279 19
145393 37
145972 4
145988 13
146152 34
146467 7
146488 16
147040 7
147078 23
147168 28
147628 11
148359 28
148471 5
148506 22
148969 23
149033 18
149182 11
149455 33
149532 30
149607 34
150019 10
150079 6
150098 18
150741 3
151352 13
151524 19
151645 37
151878 18
152050 8
152248 10
152432 16
153001 27
153073 0
153608 8
153753 30
153907 37
154217 32
154322 4
154473 15
154945 35
155139 31
155454 14
155611 23
156087 13
156165 19
156253 7
156632 8
157205 32
157283 5
157363 35
157858 32
157864 5
158464 31
158498 11
158507 34
159152 17
159156 33
159248 29
159735 14
159813 37
159859 22
160357 37
160390 37
160871 7
161066 18
161540 12
161711 30
161732 29
162028 34
162063 3
162671 39
163318 29
163495 25
163854 24
164569 27
164620 11
165145 33
165261 34
165715 23
165726 9
166398 20
166446 17
166625 34
166927 7
166981 3
167039 10
167461 22
168159 5
168685 13
168772 24
168943 11
169295 32
169486 12
169615 2
169819 2
169873 24
169998 6
170481 4
170523 35
170530 19
171124 7
171265 7
171306 8
171646 5
172253 16
172879 26
172905 7
172988 9
173470 10
173536 39
173733 14
174050 7
174113 8
174703 33
174806 7
174946 26
175269 23
175463 28
175636 36
175894 23
176443 28
176575 36
177025 16
177030 27
177073 5
177608 9
177623 4
177665 28
178258 23
178434 15
178453 24
178923 28
179028 32
179094 7
179556 30
179732 17
179840 19
180062 18
180118 11
180743 14
180909 36
181289 39
181405 5
181987 4
182075 20
182174 1
182454 19
182605 11
182608 20
183172 32
183314 32
183404 21
183761 3
183854 26
184017 8
184382 20
184547 32
184732 16
184918 18
185035 7
185166 9
185586 12
186121 8
186720 39
187251 33
187283 17
187417 37
187899 29
188031 7
188474 37
188587 19
189178 25
189301 36
189306 6
189619 26
189653 26
189843 11
190204 12
190350 19
190450 29
190980 14
190986 38
190989 12
191512 17
192126 10
192783 7
192936 18
192941 0
193374 5
193573 39
193595 7
193922 31
194414 37
194557 31
194602 36
195025 12
195207 4
195386 27
195722 17
195790 31
195970 16
196249 18
196310 16
196469 9
196823 20
196887 35
197030 19
197539 35
197540 38
197642 38
198038 1
198091 30
198153 28
198667 26
198726 20
198821 38
199237 35
199317 2
199407 8
199832 31
199958 21
200136 15
200427 5
200437 33
200620 35
201195 22
201756 30
202275 3
202456 2
202621 38
202842 19
202883 16
202950 38
203530 35
203577 11
203692 31
204184 11
204788 14
205306 13
205856 29
206013 9
206070 16
206406 0
206546 16
206570 15
207034 3
207206 21
207206 9
207685 33
207766 35
207892 35
208211 24
208352 16
208840 20
209432 13
209447 9
209611 32
210068 23
210232 1
210303 23
210633 25
211371 37
211467 4
211949 11
212019 24
212025 6
212504 29
213070 19
213242 23
213388 26
213645 34
213650 0
214327 3
214428 27
214461 12
214989 27
215035 8
215092 33
215528 36
215684 37
216139 23
216158 33
216298 4
216764 2
216914 6
216969 20
217306 12
217410 26
217584 1
217986 24
218085 20
218158 3
218517 13
218590 3
219163 2
219707 15
219855 10
219911 33
220325 0
220494 22
220684 27
220930 12
221124 22
221219 31
221579 23
222076 32
222153 2
222313 22
222722 22
223293 19
223311 39
223458 19
223882 19
224006 18
224531 7
225014 10
225152 24
225607 23
225667 24
225694 6
226398 37
226982 26
227048 16
227119 10
227554 15
227664 31
227763 18
228169 38
228257 11
228717 31
228844 37
229269 17
229363 0
229897 36
230033 8
230517 26
230679 6
230847 26
231019 28
231098 9
231664 14
231831 29
232398 29
232419 29
232567 29
232801 25
232952 19
233141 33
233441 18
233583 0
233590 33
234051 21
234169 25
234363 18
234785 23
234800 37
234951 23
235380 5
235577 9
235611 31
235904 4
235995 27
236046 23
236406 29
237138 26
237662 31
237697 34
237829 0
238348 35
238510 12
238885 37
239439 34
239567 5
239690 38
240027 12
240621 5
240627 37
240693 24
241250 15
241429 4
241895 32
242081 17
242112 6
242540 8
242578 4
242578 14
243114 19
243184 8
243760 10
243861 37
243992 36
244346 6
244432 11
244490 29
244828 32
245001 25
245093 17
245481 15
245574 2
245773 26
246088 11
246607 31
246784 2
247311 16
247421 21
247869 26
248508 19
248698 6
248868 16
249092 18
249749 15
249857 18
249958 2
250213 7
250213 5
250245 36
250812 28
250942 37
251079 15
251597 35
251638 35
252175 23
252190 8
252290 35
252765 9
252899 28
252963 8
253262 10
253422 14
253576 39
253813 33
254533 7
254716 19
254872 6
255146 10
255343 16
255489 10
255685 12
256340 5
256456 16
256567 18
256841 1
257552 33
257690 4
258077 23
258274 36
258324 32
258618 15
259395 18
259421 28
259557 16
259877 3
259955 22
260590 19
260724 39
260736 14
261173 36
261736 21
262296 25
262413 9
262580 3
262918 8
263403 21
263579 22
263764 33
264017 5
264065 1
264715 20
264885 16
264988 7
265361 4
265508 16
265508 5
265894 27
265904 38
265909 22
266548 13
266553 25
266731 18
267063 2
267174 8
267357 28
267758 7
267794 32
267973 31
268226 24
268237 8
268269 8
268864 1
269008 36
269164 3
269423 2
269557 4
269747 28
270098 0
270212 3
270394 35
270724 26
271333 7
271515 15
271976 21
272470 17
272489 38
273022 38
273670 7
273770 37
273959 36
274372 14
274429 36
274614 10
274917 4
275080 30
275273 7
275415 22
275536 7
275653 20
276127 33
276300 5
276349 4
276671 9
276827 28
276890 7
277313 6
277335 20
277940 20
278442 28
278535 36
278596 36
279075 20
279193 26
279287 39
279764 9
280296 2
280449 6
280523 5
280978 23
281025 24
281192 19
281456 34
281599 38
281726 30
282175 37
282305 17
282430 35
282690 14
282862 24
282872 11
283202 2
283929 32
283940 11
284549 27
284564 9
284706 19
285144 11
285285 7
285297 20
285708 8
286258 8
286968 35
286979 38
287406 30
287498 8
287680 19
288191 0
288373 28
288400 21
288714 16
288830 9
289005 26
289270 3
289364 19
289422 9
289877 3
289980 3
290430 11
290625 30
290714 33
291065 37
291219 31
291652 37
292367 30
292500 25
292514 1
292905 25
293083 21
293528 37
293715 9
293730 0
294168 38
294331 9
294767 10
294782 3
294845 26
295315 14
295433 25
295544 19
295816 3
295970 3
296151 29
296538 4
296654 26
296720 30
297033 37
297057 24
297229 30
297735 36
298234 20
298821 5
298822 9
298830 11
299401 11
300003 2
300708 30
300719 1
301251 5
301891 34
301895 18
302050 0
302461 8
302503 32
302618 31
303161 7
303329 22
303354 32
303794 14
303908 39
304027 38
304362 4
304467 13
304637 29
304992 10
305094 20
305279 19
305502 37
305644 34
306040 19
306118 8
306166 7
306639 19
306792 28
306951 37
307376 8
307383 8
307462 30
307989 25
308583 20
308676 25
309075 7
309203 30
309209 12
309709 20
309853 15
309857 33
310375 32
310999 12
311437 27
312026 23
312094 26
312100 12
312697 13
313321 39
313432 13
313565 3
313872 5
313923 12
313972 4
314515 13
315143 19
315315 23
315438 11
315646 35
315750 14
315867 7
316328 27
316385 3
316385 7
316867 28
317474 18
317652 12
317679 15
318159 15
318333 6
318602 9
318693 0
318841 16
319328 32
319483 13
319618 35
319955 16
320591 15
320727 36
320846 36
321043 5
321238 28
321296 3
321625 31
321691 14
322268 14
322403 16
322464 37
322827 20
322976 30
323166 23
323550 14
324063 38
324741 36
324938 0
324946 18
325366 22
325456 3
325603 12
325961 24
326064 14
326148 21
326467 38
326529 27
326600 5
327038 21
327688 4
327781 34
327906 19
328263 27
328292 21
328414 4
328900 21
329576 29
330171 27
330202 36
330645 15
330741 17
330781 12
331281 31
331429 14
331435 8
331856 38
331956 2
331958 11
332462 26
332483 25
332521 32
333160 13
333783 2
333907 29
334384 16
334995 38
335194 5
335202 7
335516 33
335546 31
335653 29
336091 3
336153 3
336247 39
336620 33
336737 37
336834 30
337342 26
337352 25
337387 7
337801 26
337924 37
337983 13
338492 7
338520 21
338631 21
339140 5
339784 10
339973 33
340042 3
340300 8
340410 28
340862 17
341597 38
341644 39
342100 13
342284 33
342685 23
342790 9
342857 26
343329 26
343393 8
343434 18
343830 9
344427 13
344449 13
344562 14
345024 15
345701 39
345835 3
345849 35
346323 3
346356 12
346517 18
346809 32
346981 19
347063 26
347415 21
347550 16
347723 22
348121 36
348274 39
348672 24
348763 39
348932 21
349349 10
349513 8
349965 4
350071 18
350141 10
350422 24
350423 28
351087 37
351211 21
351219 11
351788 2
351841 31
351981 1
352399 23
352950 23
353452 15
353519 25
353623 14
354176 11
354239 23
354301 34
354669 22
354754 24
354845 35
355246 1
355427 16
355851 29
355893 30
356527 26
357066 28
357095 27
357242 8
357654 19
357818 11
357868 25
358389 5
358564 1
358938 34
358951 31
359083 34
359593 27
360140 1
360324 36
360480 11
360616 15
360626 39
360746 6
361356 28
361433 16
361965 30
362119 12
362293 39
362570 37
362744 23
362779 7
363180 35
363197 14
363275 25
363629 26
363829 3
364219 28
364412 3
364901 24
365471 26
365498 22
366109 11
366169 7
366292 27
366651 1
366826 7
366916 16
367260 16
367977 5
368123 18
368140 21
368540 3
368585 14
368637 6
369037 34
369091 33
369650 29
369809 31
370281 29
370465 28
370610 35
370893 5
371016 4
371177 21
371460 17
371524 11
371645 2
372197 7
372268 18
372313 10
372607 37
372781 8
372863 9
373365 1
373415 23
373518 0
373852 22
374490 38
374643 14
374776 26
375016 1
375676 5
375820 39
375919 11
376231 9
376363 27
376490 38
376881 6
377018 5
377155 6
377531 35
377535 21
378162 2
378218 3
378379 18
378620 4
378721 38
378756 20
379205 25
379903 25
380005 34
380166 36
380589 31
380716 38
380791 10
381062 26
381187 31
381360 38
381759 1
382329 19
382383 18
382573 33
382905 8
382908 11
383533 31
383674 26
383813 35
384195 12
384300 5
384464 3
384627 25
384817 9
384880 22
385275 37
385445 0
385839 17
386026 38
386034 9
386456 33
386502 8
386546 38
387065 3
387139 8
387227 5
387713 16
387909 19
388204 24
388316 15
388347 22
388904 29
388990 11
389451 23
389641 26
389810 0
390157 6
390725 14
390893 3
390923 12
391326 36
391476 9
391574 0
391813 34
391953 17
392017 38
392488 7
393057 19
393796 15
393888 10
394011 6
394316 22
394928 16
395006 24
395142 24
395470 1
396138 14
396154 21
396234 23
396737 14
396854 36
396987 39
397349 4
397893 8
398508 23
399173 27
399372 1
399535 17
399708 3
399806 26
399989 39
400364 13
400469 16
400599 37
400944 5
401045 19
401159 6
401552 38
401686 21
402109 14
402283 16
402356 29
402628 1
402807 5
402830 18
403282 33
403285 9
403461 27
403980 26
404108 17
404217 12
404422 11
404618 22
405065 38
405117 32
405188 38
405660 30
405712 11
405821 19
406318 6
406441 16
406901 35
407056 37
407402 8
407463 3
407629 2
408157 36
408611 22
409306 12
409399 11
409412 1
409919 1
410043 5
410152 8
410468 10
410636 11
411097 7
411177 20
411353 34
411604 27
411771 36
412311 34
412427 35
412577 19
412867 19
412903 7
412910 25
413412 0
413610 7
413617 22
414032 12
414740 13
414930 22
415055 0
415253 6
415386 17
415823 22
415892 26
416489 30
416546 0
417169 24
417338 37
417529 16
417722 9
417731 34
418381 29
418485 1
418633 31
418872 13
419033 15
419230 15
419448 31
420117 32
420715 8
420877 22
421063 11
421295 34
421413 14
421460 23
421941 22
422048 21
422124 19
422435 11
423171 37
423260 9
423343 35
423775 8
423843 31
423869 16
424236 27
424375 12
424805 16
424959 8
425044 17
425492 2
426011 36
426109 39
426244 19
426749 30
426793 18
426880 9
427276 10
427890 26
427956 3
428141 36
428584 8
428682 9
428745 28
429103 12
429794 8
429892 32
430049 22
430369 27
430529 22
430975 18
430991 16
431160 24
431485 9
432191 30
432362 22
432449 24
432657 2
432693 33
432828 19
433201 24
433858 3
433992 2
434172 14
434411 37
435118 13
435239 27
435403 29
435720 24
436334 1
436359 22
436895 20
437404 2
438109 31
438282 7
438315 20
438776 23
439250 29
439320 31
439461 38
439948 4
440112 33
440507 11
440516 23
440619 15
441164 22
441198 36
441270 15
441666 1
441711 15
441881 14
442306 19
442312 22
442945 32
443128 19
443561 4
443724 6
444104 8
444639 23
444663 26
444736 13
445258 14
445335 16
445396 0
445991 21
446167 22
446296 36
446559 20
446585 13
446774 39
447200 23
447201 23
447383 20
447663 31
447773 37
447881 7
448214 14
448994 21
449045 19
449232 35
449407 2
449594 16
449751 21
450124 16
450600 21
450642 3
451231 16
451416 24
451538 35
451872 4
452033 14
452232 22
452400 22
452415 15
452569 38
453143 34
453157 6
453357 22
453648 36
453774 19
453959 39
454230 33
454296 9
454362 31
454943 27
454962 27
454991 11
455582 38
456056 29
456076 7
456182 28
456776 25
456859 2
456972 12
457311 20
457449 3
457562 13
457953 22
457996 38
458147 28
458576 14
458609 15
458761 14
459151 26
459275 20
459289 21
459633 10
459739 31
459889 16
460336 3
460943 13
461018 27
461574 22
461668 37
462119 20
462161 6
462185 11
462770 7
462949 14
463113 3
463253 36
463319 16
463463 14
463994 35
464412 31
464524 23
464720 30
465148 19
465148 19
465734 31
466394 26
466906 23
467542 36
467647 23
467789 26
468055 26
468604 12
468662 21
468804 22
469270 29
469963 22
470048 2
470239 33
470582 13
470633 4
470749 3
471053 11
471059 38
471248 38
471674 17
471828 30
471971 19
472399 5
472479 20
472489 25
472929 4
473499 17
473531 27
474064 13
474135 5
474143 33
474750 17
474853 28
474960 7
475244 9
475418 19
475617 32
475815 4
475926 25
475981 32
476561 30
476698 9
477000 37
477195 11
477262 22
477753 38
478349 1
478531 5
478842 14
479022 33
479106 28
479410 5
479485 4
479556 37
480028 7
480131 8
480317 30
480783 35
480917 8
481103 6
481346 3
481520 1
481580 3
481861 27
482444 3
483083 4
483213 2
483217 15
483733 16
483841 31
483982 29
484271 20
484389 23
484571 17
484926 29
485094 8
485224 16
485574 1
485667 35
485831 5
486021 7
486773 28
487370 9
487485 30
487665 36
487904 14
487904 22
487953 3
488444 18
488457 9
488559 10
489121 5
489126 10
489151 10
489652 9
489759 16
489891 30
490270 30
490351 37
490521 36
490833 3
491420 22
491528 29
491720 20
492196 36
492743 28
492764 27
492938 17
493327 6
493463 33
493465 36
493867 34
493918 34
494114 20
494453 31
494516 35
494557 9
495023 24
495148 9
495319 13
495692 5
495693 9
495789 10
496347 2
496438 11
496450 19
496819 20
497000 16
497090 30
497505 29
497675 11
497813 7
498105 25
498613 4
498789 19
498816 12
499259 8
499360 20
499550 25
499938 32
500064 29
500216 38
500565 2
500589 27
500611 20
501199 9
501677 36
502371 9
502443 39
502981 15
503079 36
503152 4
503499 23
503536 21
503692 29
504122 38
504636 29
504790 21
504833 29
505359 1
505830 15
505836 22
506006 17
506523 36
506557 12
506675 32
507178 33
507222 33
507406 22
507751 36
507810 18
507863 1
508319 15
508372 15
508377 5
508888 14
508963 13
509070 24
509448 18
509487 4
509640 22
510017 31
510148 13
510254 18
510637 29
510830 28
510964 9
511269 26
511355 31
511418 29
511894 18
511912 2
511985 16
512544 17
512642 29
512783 36
513057 25
513694 33
513783 36
513975 15
514250 21
514253 28
514362 18
514963 24
515047 32
515144 28
515536 9
515617 36
515715 17
516124 11
516162 21
516227 1
516610 9
516766 39
516922 25
517388 33
517826 39
517925 17
517973 23
518408 18
518408 13
518520 11
519022 5
519642 14
519769 5
519790 11
520252 34
520984 37
521418 27
521517 39
521531 17
522186 19
522234 25
522265 15
522613 35
522806 12
522884 3
523288 7
523985 29
524148 13
524316 15
524477 24
524634 35
524741 6
525093 21
525250 17
525286 10
525772 14
525831 3
526005 32
526269 28
526277 25
526410 13
526932 32
527556 26
527682 25
527733 29
528182 9
528755 7
528925 5
528944 16
529229 2
529429 25
529435 23
529806 9
529949 34
529997 19
530600 7
530679 19
531041 0
531660 13
531685 2
531800 16
532392 9
532464 38
532603 5
532829 15
532858 30
533004 33
533431 6
534089 11
534095 28
534240 13
534768 36
534911 26
534922 22
535287 23
535483 7
535577 4
535933 11
535969 1
536152 26
536517 5
537101 37
537275 20
537370 33
537796 37
538278 22
538343 16
538428 12
538987 36
539171 12
539428 9
539428 36
539614 30
540026 16
540065 1
540176 27
540790 25
540914 12
540963 33
541279 31
541406 22
541900 31
541963 6
542034 18
542524 20
542651 9
543045 22
543130 14
543794 24
544303 3
544322 29
544876 18
545022 19
545114 25
545584 33
545601 11
545748 30
546033 28
546131 19
546249 34
546718 18
546809 8
546964 16
547249 29
547423 37
547875 23
548062 18
548201 4
548517 29
548672 35
549056 37
549226 2
549408 16
549742 33
550392 26
550582 25
550711 21
550937 18
551527 27
551680 2
552139 20
552248 1
552735 37
552878 35
553359 37
553422 6
553455 5
553839 10
554002 28
554098 5
554419 14
555137 2
555670 24
555810 0
555964 33
556398 12
556565 16
556862 7
557049 27
557052 30
557549 37
557644 34
557646 34
558004 23
558187 3
558323 2
558671 32
558846 1
558995 29
559211 20
559874 23
560009 2
560550 1
560698 9
560812 24
561087 25
561195 10
561305 12
561623 16
561775 38
561841 22
562248 25
562808 0
563467 4
564005 1
564200 8
564700 16
564800 16
564983 2
565289 22
565447 2
565850 16
566016 17
566047 27
566588 25
566765 0
566790 36
567096 27
567238 12
567655 35
568244 9
568275 36
568413 12
568903 2
568941 4
569092 29
569557 38
569606 14
570045 1
570075 0
570105 15
570632 9
570792 17
570927 12
571244 4
571366 13
571460 29
571900 37
572425 6
572457 5
572475 18
573120 29
573282 22
573327 11
573782 9
573909 2
573988 33
574286 25
574985 0
575010 21
575149 0
575437 7
575579 26
575681 7
576025 37
576169 28
576216 18
576776 16
576922 19
577120 32
577242 29
577363 12
577920 29
578570 5
578675 0
578777 18
579042 22
579167 22
579183 34
579642 24
579721 0
579874 38
580393 24
580407 19
580522 5
580922 36
581074 15
581082 13
581490 39
581515 21
581648 29
582017 24
582134 23
582171 9
582800 23
582850 31
582866 10
583367 18
583383 31
583895 2
584562 24
585005 19
585007 25
585091 36
585730 38
586239 31
586305 15
586420 13
586976 39
587059 13
587242 35
587591 32
587639 9
587777 37
588122 30
588158 36
588221 10
588645 11
588703 10
589268 30
589418 20
589438 13
589978 5
590016 3
590108 18
590439 16
590620 34
590623 35
591049 0
591068 17
591106 29
591629 19
591751 27
591931 27
592279 19
592973 27
593122 24
593268 28
593449 13
594066 38
594101 1
594221 28
594788 23
594969 5
594987 13
595292 38
595314 11
595457 25
595985 33
596048 12
596581 30
596694 19
596882 25
597072 0
597142 19
597265 26
597674 37
598363 4
598815 28
598952 0
599119 33
599529 4
599723 14
599829 36
600162 1
600173 34
600611 25
600650 8
600806 36
601315 30
601488 36
601582 10
601856 31
601956 29
602098 9
602594 8
602738 3
602852 29
603119 32
603174 16
603259 11
603751 15
603888 18
603938 9
604227 0
604282 28
604390 23
604847 24
604994 5
605549 8
605635 39
605809 39
606127 21
606311 22
606499 27
606695 35
606714 37
607395 35
607439 29
607490 37
607891 12
607906 6
608528 27
608658 9
608672 23
609104 19
609786 13
609794 32
609837 32
610261 12
610325 21
610450 8
610970 33
611562 5
611686 25
611788 15
612083 13
612204 22
612723 3
613333 7
613518 34
613821 6
614003 29
614555 8
614599 14
614630 6
615188 24
615311 24
615371 9
615660 19
616355 4
616481 29
616508 39
616826 4
617008 28
617190 28
617572 10
617609 27
618143 9
618316 26
618496 1
618661 15
618720 0
618749 5
619252 0
619814 30
619872 7
620407 28
620413 29
620559 25
621044 3
621788 30
622308 6
622396 33
622489 17
622827 38
623475 1
623526 37
623608 24
624185 5
624233 4
624787 5
625263 5
625380 7
625540 21
625937 0
626097 27
626168 13
626511 35
627092 24
627215 38
627315 35
627655 35
627803 1
627810 19
628313 6
628336 28
628376 31
628868 27
629518 30
629593 29
629652 0
630150 19
630626 27
630706 14
630821 27
631271 3
631991 5
632144 18
632486 3
632625 31
632662 1
633158 24
633196 37
633392 11
633720 24
634381 22
634562 38
634639 30
634900 20
635097 35
635219 4
635578 20
635771 17
635935 34
636019 8
636144 22
636640 29
636720 20
636743 33
637203 26
637309 37
637355 0
637911 28
638015 4
638075 35
638456 8
638553 23
638562 10
639127 9
639137 35
639149 35
639720 6
639816 24
639830 31
640289 7
640368 15
640568 10
640818 30
640994 11
641135 30
641551 21
642146 31
642314 8
642347 21
642740 29
642907 32
643250 20
643421 32
643962 0
644147 33
644197 28
644432 37
644619 7
644808 19
645161 35
645236 30
645270 4
645613 5
645632 31
645641 23
646338 5
646455 5
646613 3
646911 21
646924 5
646972 15
647577 5
647711 33
648142 22
648332 26
648497 31
648771 31
648802 32
648828 23
649241 21
649423 26
649513 38
649803 25
649835 25
649836 12
650494 36
650510 14
650616 13
651018 37
651210 34
651774 9
651956 10
652220 35
652244 36
652351 36
652843 13
653594 0
653649 14
654162 17
654288 23
654400 25
654645 32
654741 16
654818 21
655304 8
655405 8
655484 32
655903 23
656016 17
656125 20
656459 39
656563 28
656586 3
657170 6
657178 15
657630 32
657816 32
658323 21
658523 2
658941 34
659126 20
659132 10
659496 9
659500 21
660084 38
660182 22
660252 35
660799 28
660926 0
661024 28
661310 32
661446 26
661958 25
662577 22
662587 9
662706 7
663034 5
663078 30
663085 21
663794 37
664365 8
664564 12
664570 34
664899 39
665524 10
666194 31
666323 33
666426 2
666741 13
666921 24
666966 26
667360 7
667450 26
667456 17
667928 28
667942 20
668067 14
668558 10
668689 3
668707 10
669020 14
669104 12
669740 34
669872 19
669948 4
670330 17
670402 17
670858 36
671004 7
671162 18
671529 25
671665 13
672086 3
672153 9
672343 18
672644 12
672658 7
672694 15
673369 37
673467 12
673578 14
673833 26
673950 2
674139 11
674502 29
675058 21
675714 25
675851 1
675981 24
676326 24
676399 16
676514 32
676972 0
677095 35
677217 14
677455 19
677497 24
677648 2
678094 16
678251 21
678267 10
678750 34
678764 1
678890 33
679216 0
679308 33
679426 29
679843 4
679906 20
680045 36
680466 37
680490 28
680665 22
681148 13
681233 7
681324 15
681750 21
681910 35
681973 29
682260 31
682898 33
683015 19
683517 36
683660 22
683843 15
684185 7
684213 0
684247 8
684602 9
684667 16
684851 8
685340 5
685972 18
686056 13
686079 9
686598 7
686656 14
687115 15
687709 17
687727 32
688211 6
688355 33
688364 3
688975 7
689163 21
689268 38
689556 34
689723 31
689730 0
690125 23
690233 15
690341 14
690726 29
690840 13
690907 12
691306 25
691954 25
692048 29
692131 23
692587 38
692750 1
692882 17
693141 23
693144 3
693162 27
693645 15
694241 15
694284 14
694468 34
694840 2
694993 32
695530 16
695636 22
695678 6
696099 24
696760 27
696877 14
697072 1
697259 2
697448 35
697885 21
697961 16
698026 6
698494 33
698646 13
698718 11
699146 28
699226 39
699381 30
699636 12
700233 3
700255 5
700294 21
700940 9
700992 10
701111 3
701427 11
701465 10
701520 19
702134 26
702250 2
702259 0
702749 27
702756 8
702879 16
703316 6
703334 7
703852 18
703931 5
704060 38
704465 27
704574 36
705160 36
705746 12
705763 20
705763 2
706348 14
706401 12
706480 3
706873 8
706965 4
707101 19
707418 26
708096 39
708263 17
708462 31
708725 36
708755 24
708889 29
709263 32
709263 28
709436 6
709813 12
709978 14
710122 2
710588 30
710634 9
710783 10
711051 34
711162 3
711714 5
711902 13
712016 22
712284 20
712863 12
713063 6
713239 8
713422 35
713509 39
713513 12
714161 39
714781 12
715310 26
715458 12
715458 2
715801 20
715809 17
715961 1
716494 15
716557 18
717131 31
717676 29
718273 12
718376 23
718534 28
718823 5
718882 3
718976 30
719589 11
719622 13
719731 21
720033 20
720717 9
721363 24
721454 13
721619 28
721834 17
721915 36
722046 15
722564 32
722628 6
722800 18
723057 24
723682 33
723778 35
723780 16
724395 39
724492 30
724601 27
724823 33
724930 29
725129 12
725402 13
725467 20
725576 12
726161 4
726290 3
726617 16
726634 11
726752 1
727375 30
727402 7
727942 35
728052 22
728237 21
728411 5
728525 1
728576 32
729088 5
729154 28
729257 16
729635 22
730223 6
730350 3
730505 35
730838 14
730858 37
730993 4
731498 16
732111 30
732281 4
732322 29
732647 13
732726 34
732739 8
733396 11
733408 7
733514 17
733915 2
734516 37
734600 12
734771 4
735138 11
735306 0
735339 35
735696 37
735731 18
736206 39
736931 19
736969 37
737051 38
737420 12
737520 29
737606 8
738172 5
738215 22
738377 25
738626 1
738628 36
738648 21
739309 27
739422 38
739526 20
739922 22
740532 28
740723 33
740733 9
741036 32
741134 8
741614 14
741803 35
742000 15
742340 35
742425 10
742845 35
742881 14
743579 17
743630 14
744101 13
744232 32
744322 15
744739 39
744835 28
744838 24
745213 11
745307 39
745944 31
746031 21
746213 2
746592 12
746664 6
746698 9
747191 36
747351 23
747712 31
747876 27
747877 8
748206 11
748940 36
749104 19
749548 2
749611 10
749772 29
750196 36
750373 12
750553 16
750601 17
750696 38
750848 15
751211 13
751234 10
751309 27
751800 21
751876 5
751900 27
752569 4
752756 19
752858 2
753043 0
753120 25
753617 30
753739 29
753739 16
754227 26
754389 25
754522 38
754835 22
755024 23
755113 17
755450 32
755611 31
755641 35
756189 18
756285 21
756381 18
756600 25
757281 11
757430 34
757597 13
757903 18
757990 37
758027 10
758422 39
758470 37
758620 37
759144 13
759221 34
759322 1
759703 10
759775 20
759822 6
760364 26
760913 12
761107 9
761164 27
761477 26
761498 22
762155 25
762212 18
762361 25
762625 22
762725 6
762740 18
763344 6
763405 23
763569 11
763867 2
764037 29
764037 2
764491 21
764611 1
764741 4
765135 27
765706 4
766350 22
766394 19
766475 35
766946 36
766952 35
767039 10
767518 21
767605 32
767725 21
768100 31
768646 12
768817 33
768931 34
769354 37
769459 18
769505 4
769932 22
770132 4
770477 38
770540 16
770651 19
771002 27
771118 7
771181 8
771668 27
771864 36
771954 7
772306 36
772404 10
772550 35
772849 37
772903 8
773032 26
773495 37
773617 3
773782 2
774156 34
774751 25
774947 36
775018 15
775384 36
775423 1
775428 27
775955 2
776558 27
776736 36
776927 36
777014 1
777091 12
777736 15
777892 27
778202 1
778237 5
778412 5
778861 37
778907 13
779537 38
780060 20
780100 14
780104 9
780768 31
781386 2
781564 1
781974 17
782015 19
782111 20
782415 6
782522 34
782619 6
783140 16
783172 32
783256 22
783770 6
783949 39
784393 31
784426 32
784474 3
784832 9
784877 5
785017 3
785409 17
785585 35
786139 6
786165 11
786321 35
786715 39
787331 6
787464 0
787518 4
787965 34
788047 32
788124 29
788495 2
788509 34
788699 11
789141 17
789165 34
789358 2
789642 24
789834 14
789921 0
790315 14
790472 5
790647 10
790895 36
791430 1
791569 2
791653 35
792192 26
792248 5
792614 32
792754 29
792846 39
793339 29
793494 28
793614 6
793864 0
794426 3
795022 16
795201 30
795669 32
795867 29
795965 13
796355 3
796824 32
797445 7
797512 34
797517 15
798120 29
798249 25
798711 6
798825 16
798956 3
799344 9
799859 38
800059 14
800552 0
801160 4
801177 17
801194 18
801694 2
801747 28
802219 20
802941 12
803574 13
803718 3
803754 37
804116 35
804214 21
804671 7
804801 4
804812 22
805303 39
805446 39
805579 17
805824 22
806550 16
806563 26
807006 4
807094 2
807779 18
807807 0
807858 7
808367 2
808383 13
808440 4
808977 21
809172 21
809371 18
809527 8
809702 24
809789 15
810001 4
810126 0
810162 27
810685 32
810700 27
811230 7
811881 7
811997 26
812035 28
812558 12
813075 15
813077 21
813191 29
813685 20
814322 6
814895 39
815034 32
815099 18
815521 31
815684 37
816084 9
816152 12
816216 38
816601 28
816739 26
816927 30
817335 12
817470 15
817940 7
817943 17
818577 11
818646 0
818779 31
819044 34
819132 0
819330 1
819721 21
820201 18
820207 29
820320 33
820963 7
821125 2
821222 23
821492 33
821553 32
821753 23
822067 29
822103 21
822116 21
822780 1
822973 9
823077 0
823323 32
823327 16
823950 24
824046 37
824127 12
824568 18
824740 9
825059 16
825636 35
825652 32
825812 10
826278 3
826403 28
826853 2
826978 37
827068 0
827500 10
828163 16
828259 11
828408 32
828611 32
829216 12
829412 16
829416 13
829846 7
830018 15
830210 3
830402 32
831090 39
831221 37
831378 5
831636 9
831777 0
832273 3
832458 8
832524 4
832915 18
832964 4
833458 39
833554 34
834003 19
834171 10
834289 15
834731 8
834745 24
834796 14
835254 13
835430 0
835458 18
835910 6
836109 15
836138 35
836473 17
836577 35
836591 17
837088 36
837176 3
837244 17
837658 28
837843 3
837869 10
838206 27
838329 23
838865 26
839017 11
839025 29
839558 26
840096 16
840202 32
840389 25
840705 33
840904 24
841230 18
841404 35
841534 16
841959 25
842078 35
842207 5
842591 29
842773 0
843143 26
843325 38
843503 35
843688 12
843731 1
843863 28
844349 20
844394 39
844954 6
845465 34
846143 0
846764 7
846954 27
847025 1
847379 8
847484 29
847973 19
848427 14
849147 15
849267 38
849462 30
849626 14
849659 2
850325 3
850493 12
850690 35
850928 39
850984 4
851469 32
851483 24
851605 36
852151 38
852617 29
852787 3
852927 2
853351 4
853406 1
853843 10
853958 36
854452 18
855108 14
855108 11
855615 10
855713 19
855862 7
856282 24
856299 24
856458 25
856933 8
857022 8
857113 31
857434 37
857493 5
857645 16
858070 17
858173 34
858741 12
858798 22
858981 19
859317 39
859506 18
859539 17
859808 37
859928 34
860478 20
860598 12
860716 2
861189 24
861383 3
861647 31
861782 33
861857 28
862368 0
862888 20
863071 15
863090 35
863547 8
863693 2
864081 38
864138 27
864248 15
864628 13
865238 37
865343 1
865359 20
865918 15
866445 11
867053 20
867179 23
867213 13
867784 15
867947 25
868063 38
868214 11
868244 12
868857 11
869546 18
869719 33
869764 2
870061 12
870658 5
870836 38
870891 24
871386 25
871517 13
871520 18
871850 19
871883 7
871960 2
872509 19
872621 6
873119 24
873695 0
873827 24
873989 1
874357 5
874479 13
874535 19
874809 20
874927 38
874978 11
875512 16
875586 21
875606 30
876069 12
876070 21
876090 12
876651 23
877361 3
877507 17
877813 11
877931 28
877935 16
878466 21
878479 18
878568 1
879027 37
879065 23
879772 33
880375 9
880499 36
880539 28
880875 1
880894 37
881041 12
881596 38
881625 22
882083 26
882225 21
882350 19
882688 14
882888 12
882953 27
883352 28
883828 7
883905 6
884086 34
884447 10
884642 9
884737 25
885024 22
885047 38
885166 31
885684 15
885735 20
885820 37
886342 8
886358 27
886366 23
886878 27
886970 6
886991 11
887432 5
887444 7
887530 7
888088 33
888659 15
888843 8
889005 39
889379 2
889462 3
889554 25
889907 27
890106 10
890162 13
890481 25
891163 19
891220 36
891270 5
891747 0
891780 33
891854 39
892207 16
892356 39
892358 36
892834 23
892855 3
893417 38
893604 1
893694 28
894132 10
894696 21
894730 36
894848 25
895256 28
895287 28
895837 13
895844 12
895911 15
896563 18
896708 29
896808 16
897162 16
897326 9
897731 33
897747 29
897866 38
898367 25
898503 17
898646 18
898874 7
899059 11
899131 19
899559 11
899571 12
900095 1
900167 36
900766 33
900878 28
900939 19
901388 17
901488 8
901583 14
901987 30
902464 10
902635 21
902724 32
903001 33
903183 20
903370 2
903635 28
904235 11
904266 32
904411 4
904953 19
905033 37
905158 5
905523 7
905597 2
906020 23
906026 0
906219 18
906671 34
906859 20
906948 18
907376 5
907432 5
907546 2
907900 3
908083 20
908575 18
908775 38
908923 37
909061 4
909628 27
909814 12
909846 27
910278 6
910440 7
910618 3
910928 1
911078 20
911108 35
911469 32
911507 5
912142 2
912285 0
912340 6
912753 5
913378 3
913953 35
913981 2
914466 36
914532 6
915037 8
915197 20
915359 34
915743 33
915770 8
915771 29
916363 38
916477 11
916478 8
916955 13
917056 16
917202 14
917558 27
917754 33
917818 2
918031 7
918188 17
918754 24
918845 21
918854 17
919248 1
919349 10
919835 12
919856 38
919986 39
920544 38
920693 7
921180 13
921342 37
921415 7
921685 14
922246 9
922325 38
922352 0
922933 17
922977 28
923078 39
923474 16
923548 9
923631 26
924011 36
924049 36
924202 21
924731 34
924877 33
925076 4
925230 22
925342 21
925443 15
925944 19
926005 35
926126 22
926581 3
927024 0
927110 16
927287 34
927798 3
927812 33
927898 12
928331 29
928454 36
928599 29
928817 13
928846 31
929556 10
930171 31
930188 20
930350 18
930776 31
930953 19
931042 25
931237 39
931280 6
931338 1
931801 39
931930 21
932128 1
932509 34
933098 31
933291 39
933398 29
933793 19
933883 10
934005 17
934299 8
934335 37
934829 3
934933 38
935522 0
935673 2
935724 15
936164 1
936203 21
936236 37
936800 2
936995 3
937183 24
937345 11
937439 30
937618 32
937996 4
938478 27
938515 37
938516 8
939189 6
939346 19
939365 0
939681 30
939876 16
940025 38
940390 7
940506 24
940943 26
941007 15
941163 38
941414 30
941475 17
941573 11
942121 24
942252 34
942422 13
942737 26
942784 7
942964 1
943273 1
943923 25
943982 29
944139 8
944572 14
944628 13
945016 33
945692 5
945870 13
946054 28
946220 2
946229 34
946267 35
946811 25
946854 0
946865 15
947472 30
947473 31
947634 6
948076 34
948248 28
948437 12
948746 24
948946 22
949386 28
949462 22
949562 14
949914 25
950441 30
951182 29
951208 29
951319 3
951693 4
951829 9
952244 15
952253 8
952860 6
953510 19
953614 37
953746 35
954000 38
954755 30
954909 24
955065 35
955389 39
955845 32
956513 8
956537 23
956737 5
957168 32
957316 39
957360 20
957759 19
958308 39
958812 18
959007 33
959549 10
959707 17
959743 12
960114 37
960703 15
960810 33
961206 19
961882 30
962554 38
962753 0
962952 29
963177 26
963336 12
963640 5
963715 7
963794 37
964368 15
964412 21
964478 24
964898 24
965511 26
966054 9
966195 17
966227 35
966679 7
966730 28
967234 7
967951 16
967962 0
968424 23
968602 15
968616 30
969114 24
969306 5
969319 35
969639 33
969708 19
969820 29
970296 13
970452 20
970494 22
970845 22
971002 26
971068 29
971587 25
971654 23
971663 29
972197 28
972234 31
972401 35
972675 10
972779 27
972931 9
973205 12
973291 9
973328 29
973847 5
974044 5
974046 4
974560 19
975181 20
975357 36
975556 38
975707 37
975712 25
976240 31
976424 32
976454 30
976914 6
976989 32
977156 38
977545 15
977737 20
978011 32
978093 16
978265 25
978714 34
978819 31
978996 34
979300 31
979974 33
980130 21
980131 31
980447 24
980471 25
980586 39
981061 32
981130 34
981243 0
981718 16
981813 39
981841 3
982243 29
982345 0
982474 36
982854 32
983522 8
983562 17
983591 36
984008 18
984629 30
984781 0
984902 24
985333 8
985412 27
985604 18
985986 10
985997 39
986104 10
986593 21
986644 7
986702 10
987008 6
987085 9
987225 32
987794 3
988304 18
988470 5
988487 25
988815 14
988874 35
988882 38
989511 36
989611 33
990071 9
990191 25
990366 6
990679 5
990848 17
991038 32
991284 33
991290 37
991911 24
991929 34
991929 30
992515 19
993044 33
993056 6
993131 4
993716 28
993724 3
994332 10
994359 26
994422 32
994945 21
994966 11
995146 19
995570 22
995708 8
995719 20
996066 21
996232 12
996353 22
996753 30
996758 11
996906 25
997202 32
997248 19
997401 23
997956 14
998151 3
998570 14
999107 0
999203 24
999351 18
999757 28
999838 24
999958 9
