84 14
114 7
153 1
228 4
685 12
1299 15
1875 12
1941 0
2429 1
2508 15
3026 11
3117 16
3200 4
3290 5
3386 0
3445 14
3640 4
3675 16
3759 5
3771 13
3835 15
4208 4
4234 17
4280 13
4347 12
4390 17
4464 11
4827 15
4899 17
4967 4
4995 11
5009 3
5440 18
5467 15
5516 10
5517 12
6064 12
6113 8
6177 17
6645 11
6675 2
6723 5
6761 18
6781 9
6848 7
7276 5
7319 11
7413 1
7891 18
7986 11
8025 2
8026 1
8415 0
8475 11
8575 0
8587 5
8662 9
8741 16
9029 16
9050 12
9087 6
9087 2
9099 17
9141 5
9607 19
9625 17
10277 3
10352 8
10405 16
10505 8
10543 3
10819 5
10850 13
10928 14
11413 17
11421 17
11483 7
12100 15
12184 14
12208 13
12233 14
12290 7
12297 0
12626 0
12696 11
12739 6
12800 4
13289 5
13295 4
13312 9
13411 8
13422 13
13485 14
13839 9
13911 5
13979 5
14046 3
14063 5
14134 8
14417 2
15072 12
15086 3
15130 2
15200 11
15235 0
15259 19
15679 13
15708 6
15769 17
15837 11
16230 13
16310 16
16387 19
16446 8
16529 9
16546 5
16891 10
16991 7
17022 8
17119 14
17449 7
17477 19
17500 13
18096 16
18611 4
18630 12
18642 0
18684 13
18686 3
19261 4
19351 6
19449 0
19519 14
19592 7
19636 2
19878 4
19919 10
19922 4
19925 19
19947 14
20024 13
20401 4
21062 13
21131 3
21226 15
21306 9
21308 2
21331 13
21625 6
21636 5
21646 17
21728 4
21745 10
22280 8
22888 19
22953 0
23464 7
24043 5
24125 12
24141 10
24237 9
24258 17
24320 2
24663 12
24701 10
24719 14
25248 17
25317 5
25400 14
25877 18
25928 6
25967 13
25968 10
26018 15
26093 13
26484 9
26530 0
26584 15
27042 16
27106 14
27177 15
27197 16
27660 14
27672 0
27707 4
28264 1
28359 11
28889 7
29465 2
30081 1
30674 11
30749 18
30770 1
30854 17
31258 17
31304 3
31377 15
31412 18
31466 14
31519 4
31864 16
32477 10
32568 18
32612 5
32708 19
33020 4
33034 7
33061 18
33071 18
33100 10
33132 11
33601 9
34299 7
34357 9
34425 13
34808 12
34849 5
34877 7
34879 16
34913 0
34923 19
35410 16
35475 6
35526 3
36012 14
36089 11
36161 18
36252 8
36643 18
36674 4
36697 5
36759 15
37236 9
37241 5
37303 0
37324 15
37403 5
37428 10
37842 3
37843 2
37881 3
37882 3
37975 4
38034 12
38477 8
38484 19
38536 7
39000 7
39097 12
39108 3
39194 17
39249 1
39259 15
39658 13
39722 14
39802 19
40225 17
40236 16
40331 8
40382 0
40435 3
40478 1
40861 9
40897 12
40954 17
41043 5
41072 5
41084 8
41486 19
42015 13
42622 6
42673 2
42708 2
43300 7
43345 11
43417 7
43433 16
43504 2
43540 18
43899 6
43931 8
44459 18
44490 17
44577 14
44661 10
44746 2
44827 15
45097 1
45159 13
45163 15
45675 15
45749 17
45844 9
45935 7
45989 4
46046 8
46242 2
46316 6
46322 3
46368 14
46447 15
46450 8
46835 11
46862 0
46947 14
47025 10
47109 1
47193 16
47430 12
47504 4
48064 11
48156 13
48222 7
48292 13
48666 14
48698 2
48740 15
49270 5
49337 19
49385 8
49868 2
49937 14
50474 9
51054 8
51098 19
51130 8
51197 0
51224 8
51312 14
51645 11
51739 9
51802 4
51805 18
51896 12
51976 7
52211 9
52259 16
52299 5
52361 1
52440 7
52530 16
52887 8
53427 10
53451 11
53453 18
54012 5
54064 5
54149 10
54176 3
54642 12
54736 4
54756 17
54768 5
54812 2
55245 8
55275 19
55281 12
55813 5
55813 11
55830 11
55891 13
56432 7
56525 13
56555 1
56629 16
57090 2
57690 9
57731 17
58244 18
58315 2
58835 10
58872 17
58963 8
59001 3
59052 17
59098 19
59445 12
59535 1
59588 4
59601 4
59643 10
59738 12
60030 11
60130 11
60162 18
60676 15
60764 18
60775 5
60793 5
60800 2
60876 0
61215 4
61258 19
61899 3
62486 3
62517 8
63069 13
63635 18
63722 19
63813 4
63897 15
63934 17
64212 8
64304 12
64354 6
64410 6
64495 5
64837 12
64872 19
64924 12
64985 18
64988 13
65049 7
65487 9
65582 2
66084 14
66117 10
66187 5
66248 8
66643 6
66659 13
66666 14
66747 2
67254 7
67272 8
67344 0
67382 2
67815 5
67890 16
67968 16
67995 1
68075 3
68123 17
68453 4
68499 19
68514 2
68570 6
68622 17
68660 5
69077 3
69650 2
69679 13
69744 0
69761 3
70292 9
70373 17
70814 8
70878 19
71492 15
72073 8
72149 8
72149 10
72213 18
72603 8
73288 6
73318 5
73378 13
73478 2
73480 6
73549 13
73840 11
73936 6
74010 2
74090 11
74161 17
74471 12
74516 14
74533 18
74594 8
74663 3
74669 6
75096 11
75141 4
75174 9
75205 12
75301 3
75344 19
75675 16
75752 15
76239 2
76330 11
76429 9
76520 7
76559 4
76586 17
76801 15
77454 12
77504 17
77557 12
77610 14
77625 5
77640 13
78092 17
78184 16
78239 11
78309 1
78312 15
78663 2
79248 9
79292 17
79385 18
79445 3
79449 7
79502 19
79801 14
79804 10
79826 4
79926 4
79978 4
79981 7
80470 19
80517 3
80568 3
80578 17
81072 9
81147 16
81670 12
82212 18
82803 16
82830 19
82892 8
82949 11
83031 3
83048 4
83472 1
83476 5
83561 19
83575 1
83649 13
84012 17
84112 17
84122 5
84191 3
84257 1
84356 1
84620 4
84713 9
84726 19
84734 18
85271 11
85271 7
85324 13
85385 9
85392 3
85404 11
85896 18
85934 19
85945 7
85979 0
85994 13
86008 12
86447 8
86480 11
86537 2
86617 2
86618 11
86649 14
87057 10
87145 2
87178 12
87194 1
87252 19
87351 0
87617 7
87692 8
87750 17
87829 12
87920 15
87993 5
88237 7
88320 2
88386 18
88389 13
88443 1
88474 16
88800 13
88896 17
88910 9
88999 9
89051 14
89148 2
89487 12
90081 13
90128 15
90675 17
90679 19
90767 0
90839 17
90866 17
90915 17
91283 9
91311 19
91395 10
91396 12
91850 2
91869 15
91931 1
91948 18
91995 16
92046 11
92439 2
92534 14
93082 9
93086 16
93674 15
93755 17
93790 11
93834 10
93912 16
93923 13
94217 1
94230 5
94275 14
94365 6
94385 9
94481 16
94894 14
94956 4
95047 1
95058 18
95087 1
95152 1
95451 9
95457 11
96021 5
96113 15
96143 15
96209 4
96258 9
96347 2
96691 12
96725 5
97208 2
97239 0
97310 12
97399 14
97462 8
97474 6
97825 1
98467 1
98514 12
98609 1
98630 2
98690 12
98751 7
99080 9
99137 16
99224 14
99614 14
99680 15
100282 17
100372 12
100466 9
100509 1
100873 11
100923 7
101012 10
101039 10
101057 9
101067 17
101440 12
101486 5
101558 5
101559 8
101580 1
101581 3
102076 14
102100 5
102106 11
102171 15
102253 10
102338 18
102609 17
102692 5
102733 13
102733 10
102762 2
102845 6
103300 15
103324 11
103417 6
103839 3
103849 1
104449 9
104521 10
104577 8
104655 15
104675 0
104756 12
105049 16
105641 3
105697 0
105769 8
105823 6
105850 3
106228 3
106271 18
106345 6
106383 19
106428 2
106525 11
106809 6
106847 9
106851 4
106941 7
107401 5
107409 6
107465 17
107547 5
107646 9
107670 9
108070 6
108143 2
108614 15
109239 6
109858 5
110410 2
110420 15
110493 7
110516 16
110523 19
110620 6
111056 13
111113 8
111119 4
111178 13
111184 12
111202 7
111664 14
111737 1
112237 4
112851 17
112893 7
113400 7
113421 13
113456 18
113551 14
113566 17
113580 0
114091 2
114165 14
114211 9
114233 3
114313 18
114359 15
114666 1
114692 5
114762 3
114852 13
114891 7
114955 10
115285 13
115296 0
115314 11
115381 17
115462 0
115539 1
115860 1
115896 1
115978 7
116055 4
116098 18
116178 6
116412 3
116446 12
116456 17
116505 9
116542 6
116573 11
117076 13
117160 10
117176 16
117178 6
117210 9
117662 12
117687 13
118218 2
118297 6
118391 1
118836 12
118926 11
119008 11
119011 19
119011 9
119456 17
119461 5
119467 16
119523 17
119533 10
119539 10
120040 1
120102 6
120200 3
120209 11
120283 4
120361 13
120680 5
120688 15
121288 4
121305 2
121350 5
121874 13
121897 0
121954 11
122436 17
123043 9
123112 10
123184 18
123199 14
123282 3
123666 3
124286 3
124357 11
124358 1
124385 17
124456 10
124489 15
124846 17
125455 11
125487 17
125529 12
125571 5
125661 6
125692 9
126021 18
126103 8
126624 7
126682 8
126738 7
127288 3
127303 19
127348 18
127396 11
127423 12
127455 8
127894 1
127965 4
128446 12
128471 0
128554 8
128564 5
128629 13
128689 6
129051 0
129664 17
129720 13
129777 4
129813 0
129906 10
129983 12
130248 15
130304 16
130404 0
130422 13
130466 1
130560 10
130813 17
131477 3
131526 6
132001 16
132017 6
132075 17
132159 4
132242 19
132601 7
132618 8
132631 13
132674 15
132714 19
132800 2
133237 16
133282 8
133371 17
133461 16
133550 3
133636 17
133825 0
133883 18
133951 13
134004 17
134047 6
134113 3
134417 3
135022 1
135054 0
135143 9
135658 19
135734 9
136285 1
136811 7
136835 6
137443 8
137449 19
137504 16
137536 12
138091 16
138131 14
138150 16
138616 11
138616 1
138648 13
138675 9
138763 7
138833 8
139244 10
139337 7
139337 18
139868 9
139868 9
140495 7
140510 7
141051 9
141116 8
141133 10
141607 1
141634 6
141700 2
141729 6
141826 1
142210 2
142236 3
142313 4
142844 0
142872 13
142953 17
142983 8
143049 16
143122 17
143468 15
143485 3
143580 7
143671 11
143763 3
143814 2
144092 16
144678 4
144778 5
144838 8
144888 11
144947 2
145294 11
145889 2
145989 8
146488 2
146524 8
146549 18
146560 18
146649 6
146744 16
147047 14
147062 1
147133 7
147133 15
147620 15
147716 6
147815 4
148234 10
148333 16
148425 7
148495 8
148527 9
148532 2
148836 19
148851 5
148927 13
148984 5
149045 15
149057 0
149435 2
149507 10
149521 13
149587 5
149592 6
149627 15
150027 8
150121 17
150170 1
150268 19
150622 3
151205 1
151808 0
152493 9
152514 18
152587 4
152625 19
152626 2
153059 5
153616 12
153689 8
153760 3
153772 11
153830 6
154283 11
154376 18
154382 19
154396 13
154485 2
154538 4
154838 14
154884 1
154887 7
154918 13
154948 19
155040 8
155455 15
155523 0
155526 18
155564 19
155591 18
155661 8
156090 14
156157 6
156257 8
156263 17
156296 0
156382 7
156620 12
156710 7
156739 3
157225 7
157853 11
158410 4
158506 7
159041 9
159674 5
159689 4
159778 17
159850 1
159907 3
159970 5
160210 8
160877 19
160907 10
161492 11
161578 8
161675 0
161685 13
162009 15
162014 15
162659 5
162661 0
162759 16
162784 18
162795 17
162852 4
163278 5
163301 17
163875 2
163931 4
164000 18
164049 19
164072 16
164143 3
164422 7
164468 15
164479 2
164572 6
165055 0
165070 14
165157 7
165209 8
165238 16
165290 0
165604 14
165656 7
165687 18
165749 15
166274 4
166337 7
166408 19
166828 12
166840 10
166927 17
167014 4
167470 13
167565 4
168016 13
168086 6
168129 16
168143 1
168203 18
168287 16
168666 18
168703 4
168736 13
169300 16
169341 14
169429 8
169809 7
169908 13
169974 15
170406 10
170504 13
170557 18
170623 9
170675 15
170768 8
171082 11
171086 8
171632 3
171682 18
171765 0
171814 4
171825 6
171839 15
172239 9
172256 1
172339 9
172394 16
172433 11
172466 0
172832 13
173477 11
173484 17
173529 18
173545 1
173594 3
173650 6
174098 9
174197 8
174284 16
174380 5
174402 3
174420 8
174699 18
175206 17
175273 4
175302 15
175392 13
175392 12
175843 11
175849 16
175908 16
175922 18
176007 11
176049 9
176469 3
176538 8
176597 14
176675 13
176763 2
177033 9
177073 17
177105 1
177196 10
177280 12
177296 16
177619 13
177691 11
177726 6
177800 15
177852 8
177952 9
178247 3
178330 6
178420 11
178429 10
178467 9
178554 8
178887 8
179488 10
179557 18
179634 0
179666 5
179671 19
179703 17
180001 18
180012 13
180050 4
180096 4
180161 17
180240 16
180640 13
180724 15
180731 2
180751 2
180808 18
180844 3
181278 17
181361 17
181451 4
181474 4
181558 2
181570 15
181814 0
182440 18
182441 4
183091 5
183171 6
183204 14
183273 6
183336 0
183385 11
183690 14
183760 14
183772 7
183837 13
183888 5
183905 6
184281 1
184800 3
184882 11
184912 10
185404 10
185479 19
186017 8
186023 19
186038 1
186066 2
186094 1
186164 4
186660 18
186712 10
187219 15
187809 6
187825 11
187843 13
187905 5
187944 3
188409 17
188456 14
189035 5
189058 6
189085 13
189163 6
189179 14
189609 12
189625 16
189719 6
189791 19
189806 11
189858 3
190241 17
190807 17
190861 9
190868 1
190957 1
191054 11
191412 12
192083 3
192653 2
193249 4
193295 14
193364 16
193810 19
193903 3
193959 8
193984 3
194043 0
194440 7
194477 9
195078 19
195682 19
195771 19
195845 18
195881 5
195902 18
195979 15
196271 8
196342 1
196377 1
196863 18
196863 19
196962 2
197026 15
197032 2
197408 7
198078 15
198116 14
198142 7
198220 15
198268 0
198685 8
198703 11
198734 12
198793 10
198807 2
198863 7
199258 3
199358 9
199401 16
199424 5
199427 7
199808 5
199856 13
200451 15
200466 10
200503 6
201004 10
201009 19
201039 15
201687 5
201772 10
202287 14
202836 19
202841 5
202878 15
202978 3
203038 8
203039 2
203436 4
203474 7
203572 4
204021 13
204662 5
204743 8
204764 0
204815 3
204856 7
204890 3
205247 1
205336 5
205434 19
205805 2
205905 3
205979 1
205996 1
206049 14
206052 1
206473 7
206480 10
206539 1
206569 4
206633 2
206719 16
207067 16
207681 19
207723 17
207790 8
207854 4
207901 17
208001 19
208232 19
208323 8
208882 18
208883 3
208953 5
208963 11
209433 9
209455 10
209455 18
209495 3
209505 0
209512 7
210087 16
210150 3
210220 14
210312 7
210601 1
210624 9
210674 8
211294 0
211350 8
211443 6
211867 1
211939 2
212016 12
212043 8
212075 17
212161 12
212481 11
212507 12
213092 12
213145 4
213200 19
213202 5
213604 8
213667 5
213714 5
213811 8
213879 12
213929 3
214202 4
214266 2
214872 12
214932 13
215472 19
215491 11
216078 16
216616 17
217296 11
217339 17
217360 4
217381 14
217383 8
217453 15
217819 17
218499 14
218532 4
219082 17
219158 10
219257 6
219279 5
219314 12
219327 15
219608 11
220299 3
220364 9
220397 1
220405 17
220431 7
220500 8
220899 14
220978 11
221031 1
221043 4
221066 18
221066 18
221466 16
221513 15
221521 10
221538 9
221551 11
221625 4
222074 4
222123 0
222665 6
222702 6
222797 9
222885 9
222977 2
223269 8
223276 1
223369 3
223429 19
223461 16
223559 15
223805 6
223901 6
223973 0
224421 3
224481 1
225002 9
225627 15
225667 6
225759 3
225789 7
226211 1
226240 19
226331 12
226370 7
226420 1
226440 7
226850 15
226866 4
226878 1
227401 1
227466 14
227479 11
227526 19
227538 11
227581 1
228058 0
228071 3
228648 16
228726 13
228747 13
228834 15
228890 12
229218 7
229306 16
229357 18
229420 11
229515 18
229534 3
229848 9
229877 14
229883 19
229934 14
229973 13
230026 4
230433 6
230442 3
230452 11
230485 1
230585 10
230673 13
231028 3
231071 10
231676 10
231771 14
231813 19
232201 2
232231 11
232818 10
232872 12
232877 7
232956 5
233406 3
233406 3
234052 13
234056 17
234057 6
234100 16
234182 16
234251 19
234626 19
235269 6
235362 0
235367 1
235386 5
235394 14
235470 10
235873 7
235892 15
235939 1
235976 2
235982 18
236042 0
236437 2
236488 6
236540 3
236564 15
237010 14
237106 6
237147 0
237185 12
237217 3
237305 9
237676 5
237714 5
237789 15
237840 1
237876 0
238219 4
238226 11
238237 12
238250 19
238287 3
238321 1
238842 19
238931 13
238997 14
239082 15
239089 10
239121 6
239462 12
240087 18
240179 16
240189 14
240282 14
240298 11
240320 18
240641 17
241207 1
241242 14
241332 16
241811 4
241829 2
241829 17
241836 6
241836 10
241907 17
242494 3
243079 0
243607 6
243703 17
243753 5
244248 11
244271 12
244309 7
244367 7
244380 11
244423 18
244849 2
245471 17
245477 13
245511 19
245594 15
245634 0
245730 11
246062 1
246073 9
246163 18
246233 19
246317 9
246355 16
246622 16
246717 11
246789 7
246841 0
246847 11
246876 2
247281 9
247336 7
247341 7
247842 1
247896 10
247943 4
247994 17
248032 5
248068 4
248409 12
249069 6
249660 11
249712 5
249774 2
249836 9
250201 0
250292 18
250293 15
250362 15
250399 8
250486 13
250832 5
250919 0
251018 4
251107 15
251163 17
251259 4
251404 6
251410 4
251440 2
251447 12
252018 8
252041 12
252644 14
252650 2
253219 9
253318 2
253386 10
253416 9
253501 10
253558 19
253873 7
253972 11
253978 12
254008 17
254016 18
254480 2
254562 5
254578 11
254665 15
254678 5
254742 11
255054 17
255129 2
255141 14
255682 5
255685 1
256285 12
256299 18
256390 9
256483 18
256501 1
256538 14
256820 10
256852 19
257462 11
257488 10
257530 10
257583 13
257641 16
257704 3
258065 1
258613 2
258679 13
259249 5
259314 18
259409 10
259442 7
259455 7
259827 2
259899 7
259989 13
260472 17
260567 4
260666 8
260746 6
261019 11
261027 8
261102 0
261123 5
261150 13
261629 9
261655 18
261690 7
262241 18
262292 3
262303 3
262840 12
262920 11
262939 12
263006 15
263030 17
263061 1
263494 13
263572 0
263588 15
263625 0
263650 12
264091 16
264168 9
264202 6
264653 17
264672 12
264719 14
264817 12
265296 7
265296 2
265393 19
265821 8
265869 10
265956 5
266017 16
266034 13
266061 0
266482 3
266555 8
266614 1
266642 11
266670 2
266671 6
267086 11
267175 10
267203 18
267294 10
267330 1
267393 1
267623 11
268230 11
268868 16
268871 9
269411 11
269444 7
269476 16
269544 10
269600 14
269642 15
270008 4
270609 7
270614 4
270674 3
271265 15
271313 15
271376 9
271448 2
271827 10
271861 12
272402 11
273012 16
273034 4
273119 11
273177 16
273220 12
273244 18
273665 2
273692 1
274277 4
274340 6
274416 14
274816 15
274902 10
274963 18
274972 2
275016 18
275026 1
275407 2
276008 0
276076 10
276084 19
276105 17
276205 3
276286 4
276677 16
277286 5
277306 19
277337 5
277354 16
277360 3
277379 14
277819 10
277879 18
278463 3
278533 1
278585 17
278667 12
278751 15
279032 15
279061 1
279085 19
279141 4
279150 8
279646 11
279735 15
279754 3
279765 8
279841 16
280300 14
280309 12
280357 18
280365 8
280871 10
280934 7
280968 11
281490 11
281585 19
281614 5
281713 9
281754 7
281842 5
282004 9
282690 13
283294 14
283294 5
283320 2
283331 15
283366 6
283369 10
283868 16
284426 1
285020 11
285643 15
285732 6
285792 2
285807 19
285853 9
285912 16
286299 12
286304 6
286374 17
286462 14
286464 16
286824 1
286828 1
286900 13
286994 15
287078 5
287172 18
287485 9
287487 19
288016 8
288078 7
288167 19
288672 13
288768 17
288798 3
288811 6
289226 14
289235 17
289821 3
289838 19
289887 7
289932 15
289973 16
289982 10
290494 12
290545 19
290617 19
290637 2
290716 9
290759 17
291073 6
291614 14
291664 19
291665 10
292237 8
292295 1
292370 8
292416 2
292466 19
292492 7
292818 10
292828 9
293446 13
293488 1
293536 8
293569 3
293572 2
293661 18
294064 16
294118 18
294164 14
294246 17
294297 0
294394 7
294602 0
294662 5
294699 16
295218 13
295233 6
295288 1
295817 15
295825 3
295915 11
295962 18
295992 12
296015 9
296484 12
296503 10
296511 5
297027 2
297031 15
297095 2
297188 14
297237 6
297275 6
297669 8
297701 2
297755 17
297820 11
297835 7
298218 12
298844 18
298899 6
298903 6
299420 6
299491 4
299539 16
299548 5
299561 3
299586 12
300090 16
300113 16
300636 3
300654 6
300750 14
300817 9
300859 1
300874 9
301274 5
301897 14
301973 15
302007 19
302045 11
302059 14
302096 15
302429 0
302441 8
303040 10
303113 13
303191 5
303253 15
303347 19
303400 13
303675 15
303726 5
303765 15
303771 11
303842 16
303869 3
304255 13
304317 11
304361 7
304812 17
304860 11
304910 9
304980 6
305053 15
305132 11
305480 3
305549 4
305648 1
305735 10
306064 10
306151 5
306236 5
306243 18
306289 2
306387 2
306667 17
307276 10
307368 16
307408 0
307481 14
307549 11
307624 1
307839 16
307920 18
308495 12
308588 18
308634 17
308723 12
308790 16
309051 11
309123 11
309200 6
309669 5
309712 17
309780 2
309827 9
310246 11
310837 16
310914 18
311474 12
312092 14
312650 19
312711 4
312797 16
312800 16
312851 2
312880 5
313295 2
313310 12
313398 10
313861 7
314472 13
314561 14
314625 14
314708 9
314737 0
315084 1
315097 12
315119 19
315191 5
315628 19
316207 15
316302 7
316356 3
316447 2
316499 18
316871 4
316904 8
317480 14
317488 1
317577 10
317649 15
317698 9
317742 8
318099 19
318184 12
318263 15
318620 7
319234 13
319321 1
319360 14
319457 4
319542 13
319900 9
319922 0
320014 6
320413 18
320495 17
320541 5
320554 18
320555 12
320639 1
321004 2
321017 11
321694 14
321751 13
321849 1
322210 0
322226 15
322312 11
322334 11
322417 19
322488 16
322883 6
323445 12
323494 18
323576 10
323647 2
323734 16
323809 7
324042 6
324122 11
324208 8
324286 10
324291 9
324613 17
324699 12
324769 9
324862 15
325233 15
325304 9
325875 2
325901 10
325920 12
325939 14
326486 7
326581 4
326638 4
326686 9
326774 12
326802 18
327001 7
327084 2
327160 19
327225 19
327284 3
327310 13
327601 5
327640 15
327705 9
327732 12
327734 5
327806 1
328201 6
328260 13
328838 1
328921 11
328954 16
329012 5
329481 14
329482 1
330028 15
330063 1
330072 10
330691 8
330778 1
330812 9
331247 16
331307 2
331359 5
331424 16
331506 7
331562 10
331867 4
331894 18
331894 12
331967 15
332058 4
332495 18
332538 6
332548 9
332574 8
332639 16
332733 16
333050 2
333145 13
333227 19
333287 6
333666 15
334296 12
334371 14
334456 10
334523 6
334811 19
334818 10
335421 16
336069 18
336105 4
336121 19
336185 9
336664 9
336675 17
336748 4
337240 3
337890 3
337973 12
338056 1
338065 4
338410 10
339095 13
339157 2
339229 14
339605 17
339670 5
339731 12
340264 9
340840 19
340914 1
341419 2
341480 9
341484 7
342079 18
342084 12
342150 17
342683 12
343294 12
343386 1
343397 5
343879 2
343945 12
344439 0
344538 2
345048 16
345146 15
345638 13
346231 15
346865 9
346958 18
347048 19
347125 19
347483 11
347487 8
347541 19
348021 5
348120 11
348197 6
348292 11
348306 9
348315 15
348643 1
348644 19
348703 17
348801 11
348855 4
349229 15
349296 11
349364 4
349896 19
349970 10
350019 10
350070 5
350100 4
350101 15
350412 12
350480 8
351055 10
351096 12
351175 8
351271 1
351692 18
351700 17
351736 3
351773 7
352287 6
352839 2
352898 2
353463 19
353549 5
353594 13
353604 17
353676 13
353723 16
354053 16
354125 0
354139 1
354204 13
354243 10
354618 6
354691 13
354740 3
354840 9
355266 18
355286 12
355815 4
355891 10
356451 4
356473 10
356530 4
356557 10
356588 6
357011 9
357070 18
357133 9
357615 11
357638 12
357673 5
357699 17
357761 13
358272 6
358354 2
358378 2
358449 17
358889 19
358955 8
359054 10
359112 15
359163 15
359165 2
359493 6
359545 2
359633 10
359634 11
359677 8
359730 3
360080 11
360639 9
360713 15
360784 1
361231 11
361299 8
361368 4
361838 3
361874 18
361889 8
362404 15
363072 18
363700 18
363784 19
363845 19
363941 19
364000 19
364070 9
364209 19
364260 11
364291 18
364323 10
364328 17
364419 1
364816 16
365429 4
365444 18
365465 1
365547 14
365587 18
365641 16
366022 14
366058 15
366097 19
366140 0
366145 6
366244 8
366606 12
366632 15
366693 10
367223 0
367305 19
367831 18
367916 0
367993 17
368047 14
368084 7
368401 13
368433 10
368477 3
368557 14
368562 3
368563 19
369025 12
369106 4
369176 0
369693 2
370289 13
370337 5
370884 9
370904 12
370936 4
371012 4
371030 4
371069 14
371475 9
371510 8
371586 1
371586 16
371632 6
371686 2
372068 16
372149 16
372174 7
372197 10
372290 10
372386 3
372605 8
372645 4
372683 5
372745 10
372823 6
372824 11
373208 8
373262 16
373276 8
373804 16
373860 13
373895 1
373941 7
374000 15
374096 13
374405 5
374413 14
375055 4
375069 10
375083 17
375611 0
375659 11
375757 18
375757 10
375789 10
375847 1
376279 3
376815 4
376896 16
376905 19
376919 8
376986 11
377084 10
377490 0
377543 16
377614 12
378003 13
378034 19
378088 15
378142 11
378638 11
379242 7
379246 3
379344 9
379806 19
380422 14
381083 6
381102 9
381148 4
381615 1
382297 18
382303 6
382328 2
382377 3
382880 3
382926 8
383451 6
383519 5
383522 19
383586 17
383601 19
383669 0
384004 18
384652 2
384727 2
385281 9
385324 16
385369 10
385814 7
385911 8
385978 15
386059 10
386070 13
386095 8
386414 18
387002 7
387662 14
387687 18
387719 16
387756 12
387835 2
388280 1
388294 8
388876 15
388947 18
388961 3
388983 7
389004 2
389018 5
389473 12
390052 19
390094 17
390166 4
390625 17
390647 7
390729 13
390789 6
390798 16
391277 7
391340 4
391368 17
391884 7
391885 2
391966 1
392418 8
392461 17
392544 19
392582 19
392659 0
392664 11
393019 7
393076 16
393095 15
393098 15
393635 0
393725 17
393732 0
393778 4
394262 15
394804 0
394901 5
394918 18
395410 7
395467 5
395492 2
395517 13
395527 8
395558 5
396085 10
396144 0
396606 0
397295 8
397374 2
397392 19
397487 3
397496 10
397592 5
397813 1
397907 2
397989 7
397991 14
398015 11
398062 12
398412 10
398465 12
398539 19
398588 11
398601 6
399019 9
399025 7
399084 0
399148 9
399657 16
399699 5
399764 16
399848 13
400200 1
400213 13
400223 18
400869 19
400913 18
400994 0
401065 1
401498 16
401533 13
401625 19
401704 12
401799 14
402100 13
402613 5
402631 1
402693 16
402740 5
402757 2
402850 8
403233 19
403234 7
403280 9
403280 14
403336 16
403842 11
403850 14
403889 9
403953 7
404470 5
404472 9
404478 2
404544 10
404613 19
404695 6
405061 3
405085 9
405177 5
405263 1
405342 4
405346 6
405648 4
406204 9
406265 8
406890 15
406899 13
406931 12
406984 5
407048 3
407129 11
407427 15
407465 5
407493 6
407496 0
407520 6
407564 2
408025 6
408071 3
408142 2
408195 4
408227 17
408313 18
408614 5
408640 9
408682 9
408743 16
409220 6
409260 14
409306 9
409370 2
409422 16
409880 10
410439 6
410464 15
410474 15
410544 7
410638 0
410671 7
411041 4
411140 7
411200 6
411676 15
411774 7
411852 10
411894 13
411911 3
411973 6
412268 15
412329 19
412361 1
412809 9
412856 11
412947 6
413014 6
413034 15
413445 6
414038 2
414055 3
414076 17
414084 11
414623 4
415282 0
415327 10
415410 9
415496 9
415547 9
415835 2
415842 15
415895 13
416402 10
416427 15
416465 6
416549 5
416617 10
416665 4
417002 2
417021 19
417098 18
417123 5
417176 11
417244 6
417699 10
418230 0
418869 17
418965 5
419487 9
420067 9
420153 18
420205 10
420232 14
420307 4
420630 19
420645 17
420733 9
420752 9
421283 16
421305 17
421886 4
421930 6
421957 18
421969 12
422003 5
422009 3
422426 5
422443 15
422493 3
422531 2
422602 2
422665 13
423001 2
423072 10
423113 16
423201 10
423289 4
423327 16
423699 14
424282 19
424318 4
424858 13
424881 7
424895 1
424917 4
425017 15
425112 9
425442 8
425487 2
425515 0
426062 7
426126 12
426209 10
426220 9
426225 6
426290 9
426607 14
427276 15
427301 2
427340 6
427414 7
427830 19
427904 19
428468 4
429073 1
429172 12
429187 19
429239 2
429292 7
429319 0
429632 4
429676 18
429682 13
429732 17
429746 9
429753 13
430276 17
430283 16
430355 10
430363 1
430424 2
430508 4
430817 3
430871 19
430871 14
430895 3
431440 8
431477 4
431516 5
431596 9
431682 6
431768 5
432017 4
432628 6
432634 19
432638 19
432671 19
433279 0
433366 11
433459 4
433502 9
433542 10
433589 17
433865 14
433896 14
433908 0
434463 1
434523 18
434586 1
434608 1
435039 1
435689 7
435722 1
435753 1
435844 7
436217 13
436821 4
436822 14
436828 12
437426 0
437473 8
437559 0
437561 11
437609 14
437630 16
438083 11
438182 6
438213 11
438273 17
438331 5
438412 3
438609 2
438629 16
438701 4
439242 8
439293 13
439330 11
439415 7
439426 12
439826 0
439845 19
439846 13
440468 10
440476 16
441060 10
441124 8
441192 18
441284 1
441287 12
441289 12
441618 17
441681 2
441747 18
441825 2
442250 3
442298 19
442851 5
442880 18
443432 12
443522 9
443531 7
443588 13
444008 15
444635 5
445216 18
445289 7
445370 2
445394 7
445417 9
445452 18
445824 3
445834 17
446499 12
446536 4
447071 10
447100 15
447189 10
447663 13
447717 7
447763 2
447785 11
447790 3
448235 17
448843 6
448876 8
448959 15
449001 11
449026 5
449446 9
449477 9
449567 6
449581 7
449638 18
449694 18
450054 15
450637 16
450688 1
450754 6
450768 4
450794 7
450837 15
451287 7
451295 8
451346 9
451806 18
452489 15
452551 1
452634 5
452650 18
452681 17
452717 7
453035 1
453099 12
453611 6
453709 13
453795 10
453871 0
454281 11
454330 15
454886 7
455454 5
456022 10
456102 10
456178 10
456206 8
456301 3
456378 15
456670 5
457290 2
457355 13
457437 5
457843 15
457909 12
457953 9
458400 11
458435 17
458522 5
459098 0
459164 17
459226 16
459291 16
459327 10
459416 8
459638 7
459717 17
459770 2
459837 4
459861 14
459894 8
460296 16
460373 19
460859 6
460890 7
460947 15
461465 7
461489 4
462005 17
462025 7
462083 14
462633 10
462683 2
462699 16
462746 9
463233 14
463315 6
463383 12
463430 2
463850 17
463918 14
463961 14
463966 8
463974 9
464419 8
464446 2
464472 18
465034 10
465067 1
465106 9
465112 13
465604 19
465640 4
465709 12
465731 19
465822 16
465893 1
466204 9
466204 15
466234 3
466897 6
467498 4
467511 12
468067 8
468149 5
468179 14
468608 1
468666 19
468751 10
468807 3
468846 19
468847 4
469273 5
469366 16
469437 3
469532 13
469545 0
469826 13
469877 11
469909 19
469942 19
470022 10
470077 18
470412 8
471004 11
471695 13
471701 6
472269 16
472298 19
472350 11
472351 1
472888 13
472906 3
472948 11
473442 8
473471 0
473474 14
473521 1
473598 5
473634 11
474091 12
474146 17
474225 5
474243 13
474316 0
474612 1
475218 18
475878 3
476499 12
476586 19
476641 1
477052 5
477125 16
477213 4
477215 17
477698 7
477754 1
477799 10
477862 12
477884 13
478238 5
478241 14
478295 4
478347 16
478445 12
478884 17
479406 9
479497 15
479560 15
479619 2
479638 9
479665 2
480088 6
480104 17
480123 1
480135 12
480646 11
480743 7
480773 2
481291 6
481378 1
481380 9
481884 12
481907 18
481934 9
481994 13
482067 11
482426 0
482486 7
483032 7
483039 12
483090 18
483129 3
483132 9
483191 16
483683 3
483765 0
483772 12
483788 2
484244 3
484257 7
484260 19
484341 1
484418 17
484486 5
484803 4
484900 13
484980 5
484996 0
485085 16
485173 9
485467 1
485513 15
485540 5
485559 13
485587 7
485590 8
486094 12
486633 9
486695 0
486749 15
486801 9
486840 16
486911 11
487234 6
487258 10
487828 7
487923 19
487983 16
488017 19
488027 12
488095 3
488488 12
488543 0
488614 12
488634 15
489046 17
489079 15
489162 18
489232 17
489282 14
489364 2
489654 16
489712 7
489794 17
489823 17
489862 2
489945 14
490230 0
490230 7
490299 13
490323 17
490421 15
490850 18
490890 0
490956 16
490956 5
491051 18
491468 0
491541 18
491628 14
491707 10
491756 17
491847 10
492057 18
492135 10
492163 11
492662 2
492717 11
492757 12
492813 15
492842 10
492852 3
493296 3
493850 8
493928 19
493988 9
494480 4
494570 14
494654 11
494707 12
494806 6
494840 2
495053 16
495143 12
495644 14
495727 5
496277 14
496811 10
497407 5
497472 6
497566 9
497592 12
497682 15
497732 12
498093 8
498128 6
498692 5
498751 0
498753 8
498804 11
498824 6
498895 0
499251 11
499304 1
499404 7
499442 1
499862 7
499942 0
500006 9
500032 6
500104 10
500159 2
500416 16
500508 18
500605 18
500672 12
500709 12
500736 7
501093 6
501111 0
501616 18
501638 15
502251 15
502818 5
502893 11
502929 8
503486 18
503526 7
503544 17
503611 3
503687 13
503738 13
504059 12
504122 11
504163 6
504187 2
504234 16
504321 7
504633 9
504679 18
504730 7
505202 12
505242 11
505305 3
505405 6
505505 19
505842 16
505856 15
505874 7
505942 19
505951 3
505989 7
506405 4
506466 13
506487 0
506522 16
506602 11
507030 18
507031 16
507110 16
507151 11
507209 15
507305 8
507693 18
507762 6
507796 11
507843 13
508262 4
508274 4
508894 4
509445 0
510037 16
510075 7
510091 17
510663 19
510744 3
510798 1
510803 9
510846 4
510855 2
511285 19
511290 11
511371 6
511897 14
511997 13
512090 2
512167 0
512210 6
512413 9
512501 0
512506 8
512559 7
512566 14
512627 19
513008 11
513079 19
513147 18
513662 5
513695 7
514208 13
514299 15
514348 18
514365 15
514399 11
514874 14
515471 5
515555 3
515635 7
516002 0
516034 16
516099 17
516149 13
516232 5
516617 13
516625 2
516663 10
516724 12
516777 2
516807 4
517296 14
517337 19
517339 18
517394 12
517476 2
517883 9
517977 17
518006 5
518085 4
518163 6
518183 1
518425 8
518445 1
518446 14
518518 7
518546 7
519042 6
519608 2
519670 4
519734 18
519785 18
519850 7
519945 0
520236 16
520836 2
520913 2
520913 14
520992 2
521056 1
521118 5
521489 0
521490 12
521517 18
521534 5
521612 13
522075 8
522092 0
522135 3
522195 15
522221 6
522252 4
522644 16
523211 19
523259 7
523323 5
523399 1
523436 12
523528 11
523808 2
523875 9
523914 10
523987 10
524053 15
524055 2
524419 18
524461 16
524526 7
525007 12
525061 7
525067 13
525145 4
525211 10
525288 14
525687 11
525743 15
525747 13
525833 1
525932 11
525948 17
526207 12
526262 4
526315 9
526411 9
526860 6
526904 4
527433 1
528041 7
528622 13
528635 13
528672 8
528674 3
528692 18
528747 15
529203 11
529277 6
529310 10
529357 15
529418 9
529480 10
529897 5
530471 7
531013 13
531044 15
531104 16
531684 11
531693 2
531752 11
531805 10
531903 1
531923 12
532223 5
532310 12
532811 13
532870 14
532927 18
533008 14
533051 5
533078 7
533408 12
533487 17
533572 11
533642 9
533735 1
534034 8
534060 13
534076 2
534175 3
534620 1
534672 13
534672 5
534708 0
534727 12
534798 1
535220 17
535253 4
535339 18
535895 13
535924 11
536020 11
536095 2
536173 13
536237 17
536406 5
536443 18
536533 1
537025 5
537675 14
537732 13
537798 8
537831 17
537924 2
538016 4
538225 14
538281 19
538889 11
538937 12
539029 2
539127 12
539150 6
539185 16
539492 16
540052 11
540144 14
540225 14
540304 9
540382 7
540475 2
540671 0
540765 7
540831 11
540857 4
540891 3
540918 10
541205 1
541259 19
541316 3
541319 8
541337 18
541402 18
541843 17
541865 2
541885 4
541969 14
542467 8
542512 5
542588 12
542597 11
542664 12
542674 7
543009 7
543074 16
543697 16
543789 13
543829 1
543866 18
543874 17
543962 6
544231 18
544834 19
544919 15
544946 14
545420 12
545497 11
545577 1
545590 19
545629 10
545682 10
546059 0
546136 3
546181 6
546239 2
546263 9
546307 11
546644 15
546682 8
546773 9
546779 6
547244 6
547248 14
547270 7
547365 10
547844 11
547895 9
547966 5
548441 4
548529 6
548586 8
548679 2
549065 10
549131 4
549181 5
549259 19
549696 0
549725 8
549820 1
549834 8
549929 2
549992 4
550260 16
550319 14
550890 6
550933 14
550973 4
551008 10
551480 13
552088 17
552126 14
552126 1
552225 6
552319 7
552373 11
552626 6
552658 2
552682 14
552782 2
552786 9
552814 15
553254 12
553883 0
553890 4
553958 19
554025 6
554483 9
554523 0
555016 7
555646 12
555657 10
555702 18
555773 14
555847 3
555913 11
556289 10
556350 13
556416 11
556504 8
556526 2
556882 18
556902 4
556928 3
557452 19
557552 19
557581 0
557647 4
558083 0
558115 2
558174 8
558268 6
558363 17
558622 9
559202 3
559227 13
559307 2
559880 9
560460 6
560482 8
560515 8
560517 19
560550 2
560561 13
561050 5
561143 9
561184 8
561207 0
561698 14
561755 15
561761 12
561826 13
561922 0
561938 18
562236 13
562305 16
562314 18
562319 17
562355 18
562379 14
562865 15
562934 14
562973 5
563063 13
563078 10
563093 9
563438 14
563500 2
563597 6
563651 0
563656 17
563745 15
564028 2
564034 17
564124 17
564155 10
564237 19
564691 7
564723 9
564735 19
564788 8
565276 16
565317 16
565844 16
565870 19
565940 17
565993 0
566484 7
566578 3
567079 13
567625 10
567708 6
567798 5
568278 4
568293 14
568296 11
568385 2
568462 13
568477 5
568835 2
569455 0
570022 1
570069 1
570126 2
570146 1
570235 9
570242 9
570638 10
570722 12
570805 12
570859 8
570917 10
570920 15
571276 17
571888 6
571976 14
572061 17
572080 15
572169 0
572246 11
572428 11
573014 10
573642 18
573729 5
573750 6
573774 3
573859 3
573925 18
574203 15
574897 0
574936 15
574979 3
575016 16
575109 5
575182 18
575496 6
575500 18
575566 6
575587 0
575673 3
576098 14
576120 18
576205 8
576242 14
576261 12
576288 13
576653 15
576664 5
576689 6
576719 19
576781 17
577240 3
577864 19
577871 16
577891 7
577959 13
578022 1
578091 6
578495 4
578501 5
578567 1
578605 10
578699 18
578736 0
579033 2
579612 8
579633 6
579635 18
579646 16
579686 5
579728 17
580226 19
580287 19
580871 7
580907 7
580948 17
580993 18
581045 18
581055 19
581442 4
581470 1
581535 17
581618 10
582073 16
582602 4
582684 15
582744 13
583261 13
583313 4
583380 1
583451 5
583536 18
583591 3
583817 10
584425 15
584436 17
584462 7
584508 18
584557 2
584623 0
585049 19
585137 11
585153 0
585252 18
585261 10
585330 11
585671 8
585695 4
585787 19
585790 6
585887 10
585891 11
586222 0
586278 13
586311 4
586373 15
586420 5
586469 0
586847 16
587410 8
587440 13
587498 9
587536 2
587543 8
587556 12
588012 12
588048 11
588117 8
588201 9
588213 0
588657 5
589211 7
589300 14
589321 15
589331 19
589422 10
589521 10
589868 0
590411 1
590433 12
590531 9
591054 3
591117 2
591183 5
591260 10
591338 18
591340 11
591613 7
592279 5
592366 11
592452 0
592518 17
592523 15
592548 19
592853 2
592854 18
593470 7
593546 11
594018 0
594066 11
594624 1
595285 9
595327 6
595362 3
595422 0
595458 15
595491 11
595838 17
595925 0
595958 1
596026 18
596077 1
596151 12
596402 17
596418 18
596456 16
596475 12
597000 5
597073 11
597152 18
597622 16
597643 5
597724 14
597796 3
597823 16
597877 9
598283 1
598291 1
598340 1
598373 19
598451 17
598528 19
598887 0
598894 1
598897 12
599452 7
599458 14
600043 6
600109 9
600118 6
600696 8
601289 6
601308 14
601827 11
602482 17
602579 11
602661 12
602676 10
602775 14
602835 19
603059 6
603116 14
603686 4
603745 3
603793 13
603796 17
603863 7
603891 7
604245 2
604315 17
604852 2
604941 14
605005 18
605100 2
605127 0
605190 9
605405 12
605488 11
605587 3
605651 4
605737 12
605833 19
606014 6
606071 3
606145 0
606156 8
606673 1
606723 10
606762 13
606840 4
606879 18
606900 0
607289 19
607334 4
607374 3
607447 12
607481 3
607815 18
608470 19
609073 16
609157 12
609224 16
609259 13
609686 0
609687 11
610300 11
610365 18
610391 19
610898 9
610919 3
610983 14
611003 9
611493 4
611520 9
611574 5
611582 4
611594 16
611619 10
612065 19
612103 9
612135 12
612203 11
612609 14
612637 13
612734 4
612785 9
612812 6
613242 11
613244 0
613262 16
613334 15
613393 4
613462 5
613801 15
613858 18
613912 1
614448 9
614452 10
614540 1
614555 8
614650 6
614650 14
615044 14
615101 10
615145 18
615236 19
615294 5
615324 9
615608 16
615648 13
615690 4
615735 1
615796 6
615807 3
616206 3
616846 11
616945 3
616987 6
617050 13
617123 2
617168 1
617423 4
617487 16
617523 12
617549 0
617569 19
617656 13
618025 9
618075 4
618616 0
618670 13
618677 6
618692 14
618694 14
618715 1
619246 2
619309 16
619323 14
619375 5
619445 14
619502 13
619826 0
619844 8
619873 14
620455 14
620458 5
620556 2
620590 2
620649 12
620649 18
621042 18
621088 9
621129 7
621624 10
621625 7
621628 5
621665 19
622279 15
622299 11
622375 17
622462 17
622507 7
622572 5
622804 15
622876 1
622904 15
622928 14
622977 9
623067 12
623427 13
623441 17
624011 0
624081 1
624152 14
624174 5
624262 11
624330 16
624630 5
624700 3
624720 8
624762 5
624842 17
624844 15
625250 17
625325 5
625330 11
625813 15
625880 12
625911 0
626474 19
626530 3
626570 6
626666 1
626704 17
626778 14
627056 16
627109 8
627665 5
627705 12
627793 6
627864 7
628213 7
628900 19
628940 11
628997 3
629067 3
629085 10
629487 3
629581 13
629637 8
629645 5
629689 5
630005 12
630065 5
630151 17
630673 0
630733 17
631235 1
631311 11
631339 19
631374 11
631471 7
631559 5
631814 2
631864 12
632481 4
632553 13
633028 4
633050 3
633085 3
633135 0
633223 10
633311 19
633683 2
633712 3
633806 18
633820 7
633904 3
633986 10
634238 8
634322 18
634379 7
634403 0
634472 6
634541 5
634869 15
635485 2
635495 11
635559 16
635631 3
635636 0
636018 16
636061 17
636104 4
636674 2
637277 5
637301 7
637348 9
637371 8
637393 14
637425 11
637858 1
637885 10
637980 16
638056 0
638405 2
638455 11
639076 5
639123 18
639659 3
639757 13
640228 13
640305 8
640342 7
640377 7
640423 5
640511 8
640881 2
640966 5
641439 5
641449 10
641493 16
641522 9
641600 11
642037 9
642127 15
642699 13
643290 2
643375 3
643871 9
643878 15
643882 6
643928 17
643959 8
644033 0
644447 0
644456 6
644462 8
644556 5
644559 12
644636 1
645006 11
645028 13
645611 15
645704 1
645770 11
645848 10
645936 10
645979 19
646243 13
646302 6
646400 17
646460 7
646553 12
646879 15
646885 14
647442 17
647534 10
647578 8
647663 6
647673 19
647745 10
648047 14
648079 8
648121 0
648159 19
648200 11
648209 4
648634 18
648653 5
648721 14
648796 1
649225 16
649305 6
649876 0
649919 16
649953 1
650009 3
650071 11
650099 1
650415 3
651013 5
651066 13
651120 3
651682 19
651773 17
651775 11
651799 4
651800 14
651900 12
652265 5
652875 12
652939 6
653414 0
653440 16
653521 8
653592 3
653683 14
654024 17
654117 11
654126 1
654180 12
654204 16
654292 15
654669 9
654715 14
654757 5
654811 1
654863 15
654955 2
655286 0
655297 6
655338 17
655396 19
655850 16
655882 4
656460 0
656481 12
656566 3
656575 15
656642 15
656715 7
657005 19
657602 15
657698 19
657737 19
657768 13
657833 10
657880 11
658287 11
658373 15
658454 17
658503 12
658565 1
658577 4
658893 18
658991 13
659018 4
659091 5
659441 14
660056 2
660104 9
660666 14
660718 1
661250 6
661290 13
661336 14
661381 18
661871 8
661924 7
662465 3
663057 2
663058 15
663684 8
663705 15
663715 19
663733 13
664236 1
664302 2
664336 12
664428 11
664510 13
664541 15
664817 3
664817 3
664848 5
665484 2
666057 2
666059 15
666088 10
666637 13
666680 5
666723 9
666765 19
666801 5
666828 14
667268 19
667820 9
667846 10
667850 8
667914 18
667972 15
667992 11
668469 12
668520 11
668605 13
669099 11
669194 16
669256 1
669331 10
669399 4
669405 5
669619 3
669647 15
669667 12
669722 16
669734 1
669826 7
670294 3
670842 0
670914 17
671002 10
671004 18
671058 6
671471 9
671516 8
671596 15
672037 10
672122 19
672190 0
672602 7
673300 13
673365 16
673421 8
673466 6
673466 4
673476 18
673835 3
673913 3
673945 10
673983 12
674020 19
674086 7
674418 0
674499 14
674564 8
674580 18
674582 18
674612 14
675070 4
675076 0
675145 4
675691 12
675759 19
675854 5
676223 7
676223 10
676289 11
676366 6
676372 1
676843 4
677463 18
677465 13
677492 3
677503 17
678070 19
678092 16
678144 3
678187 11
678260 10
678328 4
678674 15
678719 12
678818 10
678910 7
678995 2
679299 3
679384 11
679471 14
679845 15
680465 9
680513 3
680533 9
680622 5
680661 3
680738 8
681063 1
681681 3
681770 18
681862 13
682227 13
682295 17
682809 18
682892 6
683486 1
683548 13
683640 13
684066 13
684151 8
684155 15
684205 8
684238 12
684622 17
684643 15
684696 6
684726 13
684794 11
684850 10
685251 1
685305 8
685331 14
685411 4
685494 18
685568 8
685856 19
685890 8
685967 13
686473 4
687023 18
687056 13
687124 5
687141 16
687234 12
687249 6
687660 8
688239 14
688836 13
688857 10
688888 10
688928 11
688947 6
689031 9
689461 18
689469 0
689567 0
690090 11
690153 5
690245 5
690304 10
690383 2
690480 15
690679 4
690733 13
690754 8
690851 6
691243 15
691245 4
691326 6
691358 2
691371 17
691408 10
691886 18
692402 2
693029 7
693666 12
693699 15
693729 9
693816 1
694241 18
694266 1
694280 12
694299 16
694374 15
694466 18
694890 12
694901 4
694904 11
695463 10
695539 4
695602 1
695646 2
695696 10
696099 11
696161 18
696165 14
696188 15
696224 4
696258 6
696650 5
697235 6
697288 9
697823 8
697897 1
698451 9
698483 7
698557 6
698639 4
698715 8
699000 6
699054 15
699105 19
699110 6
699163 7
699226 10
699632 13
699648 11
699743 11
699823 4
699851 9
699874 7
700290 14
700376 16
700475 19
700531 13
700553 2
700632 19
700846 12
700917 10
701003 0
701081 17
701109 4
701148 1
701465 10
701503 6
701549 0
701592 9
701681 14
702007 2
702030 18
702112 10
702625 17
702629 17
702690 10
702785 18
702839 4
702845 12
703250 4
703284 6
703363 14
703420 5
703473 11
703557 16
703822 4
703826 18
703828 12
703869 17
703938 0
704477 6
704537 1
704560 14
704659 2
704743 4
704823 7
705058 14
705111 13
705160 6
705658 18
705676 2
705723 5
705821 4
705872 2
706207 17
706211 6
706280 19
706305 19
706367 2
706837 12
706849 3
707407 3
707470 7
707551 9
707619 16
707636 7
707662 15
708050 13
708053 12
708140 5
708165 8
708191 9
708194 19
708616 5
708682 7
708730 16
709300 16
709346 13
709426 18
709463 5
709495 7
709829 4
709850 5
709856 14
710445 11
710489 12
710568 4
710629 12
710651 5
710729 1
711019 15
711116 7
711664 19
711731 16
711818 11
711894 1
711963 11
712022 7
712283 8
712372 14
712874 1
712904 17
712909 0
713407 17
713452 8
713464 10
713518 12
713523 6
713530 11
714099 11
714128 0
714155 12
714216 17
714615 17
714668 0
714726 12
715209 15
715307 11
715348 6
715356 18
715364 5
715373 10
715887 14
715977 4
715988 19
716042 13
716432 8
716513 5
717021 15
717074 9
717085 3
717090 12
717111 0
717163 10
717700 9
717762 17
717809 1
717823 19
717849 3
718220 3
718853 12
718856 13
718890 3
718895 8
718900 0
718933 0
719402 18
719429 5
719511 5
720002 6
720035 16
720061 16
720083 14
720634 6
720679 12
720739 9
721225 0
721283 0
721367 2
721381 3
721853 13
721910 10
722459 8
723035 0
723090 4
723665 11
723765 18
723849 3
723919 12
724010 6
724047 0
724247 6
724313 5
724402 16
724500 13
724506 0
724569 16
724857 1
724919 1
724984 14
725054 19
725100 12
725105 17
725441 18
725520 9
725597 15
725673 10
725752 4
725836 8
726095 3
726107 3
726179 7
726603 7
726652 17
726685 13
726737 2
726813 13
726846 8
727288 10
727383 2
727425 11
727496 15
727518 13
727596 8
727837 2
727860 2
727924 8
727960 5
727986 2
728000 6
728400 14
728478 16
728483 7
728576 9
728618 8
728710 18
729092 8
729148 2
729208 1
729218 18
729218 10
729266 8
729654 1
729666 17
729761 13
729839 2
729876 0
729891 7
730219 11
730290 17
730308 17
730843 13
730851 1
730924 15
731020 15
731065 17
731160 1
731415 8
731484 0
731515 3
732100 2
732147 14
732153 3
732634 2
733256 10
733290 17
733297 9
733397 6
733413 8
733464 10
733811 3
734475 9
734500 14
734546 16
734602 8
734632 5
734636 2
735036 12
735045 4
735057 15
735073 5
735081 16
735085 11
735618 6
735622 1
735660 13
736258 19
736332 16
736417 6
736495 7
736584 6
736640 19
736801 7
736861 12
736864 12
736921 11
736987 1
737007 1
737458 3
737480 19
737489 0
737578 14
738059 11
738093 15
738156 9
738242 17
738285 3
738310 19
738660 11
739286 13
739326 17
739852 13
740476 19
740495 4
740573 7
740639 2
740668 12
740727 5
741086 17
741160 11
741680 15
741698 4
741714 15
741724 5
742228 7
742283 1
742284 18
742364 9
742856 4
742942 0
743011 8
743087 12
743094 0
743129 11
743488 7
743540 10
743569 9
744099 17
744167 6
744241 5
744329 4
744697 0
745205 10
745847 16
745914 11
745968 11
745987 8
746034 6
746038 14
746471 4
746495 5
746570 1
746629 10
746654 19
746664 4
747043 15
747095 1
747195 10
747248 17
747291 9
747291 15
747600 14
747622 14
747647 0
747712 1
747757 7
747809 18
748212 7
748284 16
748378 6
748388 12
748478 2
748549 4
748803 10
749495 8
749595 14
749606 16
750031 14
750623 12
750701 6
751216 19
751239 8
751289 12
751886 19
751942 16
751996 13
752033 15
752465 18
752516 0
752546 9
753072 3
753128 14
753180 2
753187 18
753197 9
753216 9
753674 19
753756 15
753777 6
753874 5
753903 0
753903 11
754285 6
754833 19
755402 16
755464 5
755478 17
755522 0
755596 3
756003 5
756027 8
756097 1
756665 1
756732 15
757267 12
757888 12
757911 1
757958 18
757989 6
758038 0
758086 15
758428 16
759022 19
759040 6
759700 18
760251 17
760287 15
760808 10
761463 4
761545 11
761618 12
761672 3
761711 5
761715 0
762055 2
762142 11
762168 8
762171 18
762181 8
762251 14
762679 18
762692 1
762714 6
763247 0
763338 18
763400 3
763488 17
763529 6
763623 7
763815 0
763875 13
764493 18
764505 14
765100 15
765157 14
765255 4
765299 5
765619 14
765675 12
765682 3
766252 13
766254 17
766295 4
766318 0
766365 17
766372 11
766852 12
766857 14
767449 10
767464 18
767523 16
767571 2
768085 10
768177 14
768183 2
768654 0
768735 16
768819 12
768901 12
768922 16
768975 1
769217 0
769227 0
769822 0
769908 5
770493 18
771092 8
771132 7
771176 3
771257 13
771270 19
771321 18
771674 16
771718 5
771764 14
771843 8
771896 19
771956 19
772267 3
772312 10
772329 19
772377 17
772468 3
772540 18
772820 6
772897 13
773481 17
773554 8
773623 10
774078 16
774126 3
774201 10
774270 17
774624 18
774714 2
774813 4
774860 7
774941 6
775038 15
775299 2
775324 14
775345 2
775801 0
775818 9
776436 6
777029 15
777117 8
777201 1
777248 3
777322 5
777326 17
777693 14
777767 5
777821 10
777895 7
777971 13
778007 16
778239 3
778311 13
778401 1
778474 8
778521 18
778537 0
778837 3
778860 4
778875 18
778878 6
779429 8
780011 11
780082 9
780606 16
780696 9
780752 18
780793 15
780887 15
780891 1
781203 14
781249 10
781311 13
781824 18
781857 11
781899 5
781943 6
782485 1
782535 17
782583 5
782589 3
782618 3
782669 10
783094 0
783173 2
783222 1
783315 4
783624 6
783707 14
784259 3
784316 4
784870 18
785491 4
785511 12
785523 14
785569 9
785592 16
785634 7
786045 10
786050 18
786098 13
786198 19
786289 3
786313 7
786663 6
786663 13
786673 3
786762 3
787237 12
787287 5
787806 0
787894 16
788477 9
788516 5
788596 11
788644 9
788659 12
788738 15
789097 9
789156 1
789672 6
789709 0
790240 19
790255 16
790863 18
790873 5
790892 1
791456 10
792082 19
792167 7
792655 9
793284 0
793364 8
793403 10
793468 19
793472 3
793497 0
793873 18
793922 3
793967 16
793979 12
794021 6
794113 18
794421 5
794487 0
795079 12
795696 8
795768 19
795798 5
795855 8
795921 1
795957 13
796267 12
796300 11
796397 2
796459 3
796538 2
796604 1
796845 6
796873 12
796954 12
796963 1
797028 12
797088 13
797480 1
798092 10
798171 0
798243 2
798676 2
798690 2
798706 3
798738 17
798749 14
799290 1
799368 11
799377 16
799888 9
799940 4
799955 13
800453 11
800540 12
800596 6
801017 12
801116 12
801148 7
801207 14
801228 14
801250 4
801683 12
801708 7
802290 6
802343 15
802822 19
802833 12
802923 1
802967 14
803404 17
803456 11
804055 13
804130 17
804653 3
804701 1
805265 5
805345 11
805349 9
805352 9
805380 18
805867 6
805907 17
806007 12
806435 11
806499 4
806516 2
806516 18
806572 16
806637 15
807017 13
807031 5
807057 15
807124 19
807156 16
807205 8
807624 1
808280 19
808292 0
808842 16
808921 3
808921 14
808923 14
808928 7
808964 10
809433 17
809487 17
809572 6
809579 12
810090 13
810107 8
810156 12
810225 14
810275 3
810342 19
810696 19
810713 7
810746 12
810805 17
811221 16
811254 1
811321 14
811339 12
811804 15
811874 11
811896 11
811985 11
812017 0
812052 15
812402 12
812461 1
812512 18
812576 6
812668 7
812751 4
813000 18
813037 18
813109 16
813194 16
813247 3
813289 14
813639 12
813702 16
813732 2
813738 17
813788 14
813873 0
814238 11
814276 9
814314 18
814386 1
814434 11
814864 8
814938 5
814979 12
814986 4
815051 17
815099 5
815428 7
815470 4
815473 17
815554 9
815577 3
816076 13
816095 1
816130 10
816207 17
816232 7
816304 13
816608 0
816614 10
816689 9
816710 4
816780 12
816821 10
817242 15
817265 1
817275 5
817311 3
817406 12
817824 7
818433 3
818472 7
818528 4
818586 9
818628 16
818633 13
819018 14
819098 11
819114 16
819119 18
819680 8
819733 6
819806 9
819890 16
819980 2
820037 17
820247 5
820337 7
820417 1
820487 12
820882 18
821459 15
821543 0
821589 5
821663 15
821677 4
821693 5
822009 3
822104 11
822172 16
822224 12
822680 2
822709 7
823231 6
823237 3
823240 5
823275 5
823342 11
823414 3
823863 1
823863 17
823891 5
823899 15
823936 12
823940 0
824419 8
824500 5
825000 0
825087 2
825186 6
825204 2
825300 19
825327 2
825622 0
826219 16
826228 8
826241 5
826324 19
826388 8
826402 1
826858 17
826902 7
826908 16
826932 9
826990 13
827089 0
827494 7
827517 3
827517 3
827587 17
828095 6
828141 18
828175 18
828175 4
828251 7
828340 8
828678 15
828704 11
828778 19
828805 18
828862 5
828962 1
829266 2
829291 16
829338 18
829367 19
829442 9
829539 8
829805 14
829835 0
829844 12
829848 1
829860 14
829869 17
830482 6
830540 7
830579 14
830617 1
830675 6
831019 0
831047 11
831073 11
831086 13
831104 6
831152 14
831620 13
831644 8
831680 15
832223 18
832270 0
832296 17
832845 18
832902 1
832994 8
833468 7
834010 6
834095 9
834183 8
834237 10
834309 2
834368 11
834645 12
834668 11
834723 5
834737 2
834777 17
834800 18
835282 6
835843 12
835917 5
836499 13
837096 5
837700 18
837724 2
837770 3
837812 12
837834 2
837870 18
838294 12
838310 18
838391 1
838479 7
838493 13
838532 4
838822 18
838888 5
838971 9
838997 2
839065 9
839075 14
839479 3
839540 14
840086 3
840136 19
840172 5
840233 12
840621 6
840685 1
840711 18
840791 17
840860 8
840892 11
841202 15
841296 2
841346 7
841390 2
841418 18
841517 3
841899 14
841960 5
842479 18
843033 11
843640 0
843696 0
843721 5
843799 7
844284 1
844373 14
844404 14
844805 5
844900 14
844957 19
845041 19
845117 9
845124 8
845420 11
845454 6
845457 10
845497 8
845560 5
845610 18
846037 7
846125 8
846687 8
846768 16
846777 12
846876 0
846946 17
846989 17
847281 0
847858 17
848472 13
848519 16
848536 16
848584 2
848610 19
848689 2
849023 10
849095 13
849158 10
849169 12
849195 19
849215 9
849682 5
849711 11
850216 18
850246 12
850253 3
850338 7
850434 9
850473 9
850873 5
850960 17
851043 18
851113 10
851120 13
851177 13
851410 0
851457 12
851537 9
852024 6
852071 17
852148 14
852631 8
853249 14
853308 11
853363 19
853422 6
853489 2
853510 13
853839 2
853860 16
853874 3
853964 1
853970 12
854023 2
854434 1
854534 17
854546 15
854583 18
855059 11
855088 6
855162 12
855171 3
855229 4
855234 3
855606 2
856247 19
856325 15
856336 9
856377 11
856423 16
856477 2
856887 10
856920 19
857441 13
857503 6
858001 14
858076 1
858137 8
858181 5
858240 2
858241 18
858600 7
859276 13
859314 6
859413 15
859451 9
859887 13
859978 14
860000 18
860473 12
860501 12
860512 5
861030 8
861059 19
861149 19
861149 2
861237 11
861321 3
861600 12
861600 4
861619 11
861675 13
862264 7
862281 2
862312 1
862372 12
862448 12
862810 19
862842 15
862921 6
862999 10
863040 5
863490 17
864028 9
864043 16
864635 6
864645 0
864650 12
864671 1
865259 5
865302 18
865329 10
865383 11
865813 2
865892 6
865978 3
866499 8
866536 7
866623 10
866647 6
867042 6
867044 9
867126 3
867206 19
867230 15
867279 2
867629 15
867677 1
867772 9
867864 1
868274 8
868290 11
868301 7
868853 4
868929 3
868945 3
869040 12
869415 4
869447 6
869509 1
869557 17
869579 0
869619 9
870053 12
870108 8
870154 14
870672 7
871267 1
871289 14
871308 12
871330 18
871811 7
872433 14
872454 19
872540 18
872575 2
873086 17
873139 3
873193 5
873278 18
873294 13
873689 10
874287 0
874294 3
874359 19
874416 15
874878 11
874957 10
874986 10
875000 15
875040 1
875102 7
875446 10
875501 0
875501 10
875538 16
875583 3
875588 14
876024 19
876057 10
876133 7
876217 13
876238 6
876324 18
876679 4
876746 1
876778 18
877216 14
877308 2
877377 12
877426 0
877521 12
877620 14
877830 17
877846 2
877857 8
877952 2
877964 1
878015 13
878404 17
878420 1
878461 3
878470 7
878500 6
878585 3
879049 15
879643 5
879673 0
880248 9
880310 16
880872 6
881485 13
881512 4
881607 0
882068 11
882093 3
882129 15
882162 15
882206 2
882685 15
882692 12
882764 5
882822 14
882907 18
882950 2
883253 4
883849 17
883888 3
883971 16
884446 2
884502 11
884530 16
884580 8
885096 19
885163 10
885193 18
885246 16
885645 18
885691 18
885782 5
886285 16
886802 15
887403 7
887483 17
887526 18
887608 3
887621 6
887715 5
888011 3
888059 3
888134 13
888216 2
888263 1
888266 14
888689 11
888780 10
888859 4
888904 12
888983 15
889030 14
889221 8
889299 13
889341 12
889413 17
889457 1
889522 8
889846 12
889863 11
889872 14
889881 5
889942 9
890425 12
890466 15
890483 3
890573 0
890622 3
890680 14
891033 2
891128 17
891181 13
891281 16
891367 14
891467 1
891601 19
891654 15
891742 18
891795 8
891808 10
891827 0
892290 1
892378 2
892425 11
892822 16
892824 6
892892 14
892957 8
893002 10
893098 5
893423 16
894056 9
894640 11
894724 18
894749 16
894773 0
894824 6
894843 6
895233 10
895291 18
895377 19
895841 3
895881 2
895901 17
895922 1
896416 10
896440 19
896451 13
896509 2
896590 4
896649 15
897033 3
897122 19
897134 18
897199 3
897245 2
897273 16
897689 17
897747 14
897758 8
898292 8
898348 2
898412 13
898425 10
898436 1
898477 16
898811 6
898886 10
898951 16
898959 10
898974 19
899453 8
899544 9
899641 15
900100 19
900200 19
900222 6
900615 16
900635 3
900666 8
901250 2
901295 1
901333 3
901432 18
901527 18
901611 6
901883 0
902419 5
902497 17
903050 8
903076 5
903687 12
904253 8
904335 4
904821 13
904905 11
905440 7
906055 10
906071 14
906112 19
906149 19
906191 2
906664 4
906692 4
906784 14
906828 3
906874 12
906918 1
907212 17
907244 6
907248 2
907304 17
907398 9
907446 2
907808 9
907839 12
907869 10
908487 18
908493 2
908577 15
908641 10
909034 2
909125 17
909128 4
909188 18
909219 16
909259 5
909697 0
909729 19
909742 14
909801 8
909840 6
909886 2
910276 8
910283 4
910874 16
910928 2
910967 11
911052 10
911474 18
912088 12
912186 10
912255 4
912675 16
912770 10
912816 14
912885 2
912937 2
912942 15
913267 11
913340 3
913852 3
914497 9
914549 17
914587 0
914616 7
914682 7
914782 19
915073 3
915135 17
915691 13
915729 9
916280 7
916873 15
917412 16
917412 6
917492 18
917529 3
917605 3
917626 2
918073 8
918089 14
918182 12
918241 13
918250 19
918261 10
918687 18
918728 19
918787 8
918811 10
918879 13
918900 0
919234 8
919259 0
919290 15
919310 7
919373 12
919462 4
919873 19
920404 3
921019 11
921055 11
921085 7
921681 11
922245 6
922338 14
922435 11
922514 13
922584 4
922671 9
922846 14
922919 9
922954 18
923011 14
923091 2
923424 13
923443 8
924074 5
924131 14
924200 0
924270 16
924339 13
924646 16
924740 17
925273 4
925298 1
925338 17
925829 13
925851 12
925922 10
925922 9
925980 1
926022 8
926448 18
926451 13
926502 10
926580 12
927097 18
927157 10
927157 5
927234 1
927290 14
927347 6
927636 3
927637 5
927701 13
928258 8
928270 14
928363 15
928458 4
928550 8
928628 14
928878 12
928937 5
929022 13
929083 11
929095 11
929195 14
929479 15
929527 13
929560 6
929565 10
930019 16
930065 15
930154 8
930219 7
930633 17
930665 0
931293 2
931880 9
931939 12
931942 17
932019 19
932075 0
932450 12
932542 8
932595 14
932639 9
933024 14
933094 11
933133 15
933190 12
933284 2
933287 17
933624 16
933709 4
934233 13
934242 17
934846 11
934943 15
934964 19
935404 17
935434 6
935483 14
935498 4
935504 5
935523 19
936050 4
936079 17
936645 11
936672 7
936715 1
937270 4
937307 8
937826 7
937908 12
937924 8
938014 11
938485 6
939000 6
939049 14
939648 15
939713 11
940230 19
940274 0
940319 10
940820 19
940875 16
941446 16
941496 11
941503 1
942076 12
942634 16
942706 1
943216 18
943236 5
943310 17
943382 13
943411 5
943425 8
943841 4
943856 3
943952 15
943995 1
944034 19
944103 17
944495 8
944514 12
944600 6
944628 17
944669 0
944719 7
945076 5
945151 19
945187 15
945690 13
945705 15
945740 8
945814 17
946272 10
946340 14
946416 0
946449 1
946843 11
947486 10
947518 0
947611 19
947663 16
947664 18
947682 4
948090 16
948189 17
948686 6
948750 19
948839 9
948898 0
948905 16
948922 2
949245 3
949317 16
949347 4
949436 3
949483 4
949545 2
949857 5
949878 12
950405 10
951067 3
951124 16
951688 8
951753 8
951798 8
951894 0
951898 16
951997 12
952217 12
952854 2
952854 0
953480 6
953528 7
953567 19
953569 5
953596 9
953603 1
954096 5
954109 1
954117 6
954152 5
954220 12
954275 6
954636 5
954702 0
954777 12
954851 17
954856 19
955265 6
955267 15
955305 10
955356 5
955813 6
955884 19
955898 4
955904 16
955992 3
956064 9
956481 12
956487 19
956492 3
956572 17
956647 18
956651 13
957026 3
957055 4
957141 12
957691 3
958234 16
958314 7
958828 5
958897 3
958949 2
958994 10
959450 8
960085 6
960144 9
960144 3
960230 10
960292 9
960386 4
960636 16
961226 5
961296 19
961805 13
961885 19
961916 14
961937 16
962013 19
962043 14
962495 7
962514 16
962601 15
962608 8
962682 3
963075 4
963159 10
963169 3
963189 2
963194 8
963248 6
963645 6
963663 0
963719 0
964242 14
964287 12
964318 18
964357 19
964412 4
964431 5
964829 15
964894 7
964958 5
965425 6
965489 16
966067 17
966634 7
967255 17
967266 13
967301 9
967355 3
967847 12
967941 11
967965 9
968060 7
968103 15
968143 16
968440 10
969095 11
969115 3
969150 1
969672 6
969675 8
970200 0
970885 19
971477 18
971546 15
972035 9
972693 6
972790 17
972863 5
972902 17
972929 9
973023 6
973206 14
973881 1
973926 1
974445 10
975049 3
975617 12
975669 18
975674 11
975674 3
975696 13
975780 1
976244 5
976292 14
976325 18
976838 3
976903 7
977437 18
977441 13
978000 5
978052 12
978101 8
978138 6
978216 19
978276 10
978661 5
979275 0
979309 18
979388 13
979404 9
979425 15
979500 10
979877 3
979949 2
980043 9
980064 2
980070 8
980162 6
980450 1
980471 7
980565 6
980579 3
980640 17
980693 0
981060 19
981645 8
981664 2
981689 0
981749 12
982244 11
982330 8
982344 11
982358 8
982408 1
982485 13
982826 19
982843 11
982861 15
982957 17
983007 6
983050 6
983410 19
984024 3
984615 10
984673 19
984707 16
984807 5
984870 11
984883 13
985214 13
985838 11
985884 15
986467 13
987069 5
987697 14
988233 5
988292 4
988349 16
988873 12
988891 3
989423 18
990000 15
990075 13
990167 1
990219 15
990219 14
990281 6
990609 13
990659 14
990744 17
990769 7
990780 14
990876 9
991244 6
991880 12
991937 2
992025 12
992096 8
992111 2
992433 5
992458 0
992470 19
992512 12
993035 8
993108 17
993131 15
993160 0
993207 6
993224 0
993606 10
994290 14
994804 7
994873 12
994934 7
995009 8
995038 4
995440 5
995535 10
995618 18
996073 12
996073 15
996113 2
996208 2
996698 6
996717 16
996753 15
996764 10
996773 10
997272 4
997332 7
997875 15
997945 19
998011 15
998032 13
998044 9
998085 11
998405 14
999069 11
999685 18
999763 13
999800 1
999872 4
