134 4 7 1599
325 16 6 3069
325 6 3 2180
404 11 17 9061
476 2 15 6570
760 15 7 9753
760 14 4 6462
813 4 7 5609
813 0 1 7763
1019 2 5 6702
1305 15 18 2215
1589 18 5 4994
1887 16 4 7102
1887 6 13 9020
1935 5 0 409
2184 7 0 2134
2184 6 18 6719
2422 4 10 8326
2712 16 13 1347
2866 15 9 6538
3037 1 12 7578
3171 18 6 1102
3360 15 3 765
3360 5 9 1468
3409 3 5 2844
3694 18 7 4254
3743 9 1 835
4037 1 4 4128
4222 8 17 886
4222 8 10 3045
4250 5 19 6075
4440 19 13 4967
4576 15 14 7723
4854 15 5 1958
4880 7 0 7744
5167 1 0 2037
5383 19 8 6958
5397 4 8 2333
5520 1 18 5025
5762 8 13 7445
5856 3 5 8420
5945 12 5 4543
5983 10 14 7647
6228 12 3 9337
6344 11 14 6887
6344 7 13 8428
6520 14 17 6534
6520 1 8 4935
6520 16 3 6523
6598 3 5 7355
6661 3 13 6344
6682 15 18 3815
6682 18 11 6551
6794 8 14 6731
6794 6 13 4451
6897 12 13 9163
6897 8 17 5301
6963 17 3 5635
7097 2 7 7686
7292 6 12 7812
7292 11 1 9738
7504 1 6 9202
7504 14 9 2464
7504 3 14 3787
7504 2 5 2744
7504 14 19 543
7504 12 11 1590
7504 3 1 35
7659 3 17 472
7659 17 1 810
7688 5 13 736
7696 16 14 5016
7970 7 6 4360
8167 12 8 8541
8167 2 14 611
8376 8 3 7707
8418 9 6 651
8427 5 12 8805
8636 7 10 6049
8703 3 7 9156
8798 7 4 7078
8798 17 15 8961
9083 8 16 8003
9344 1 18 7074
9514 1 18 4961
9732 9 13 6122
9825 9 8 1109
9825 10 7 7505
9846 17 11 7472
9846 8 4 8576
10127 16 7 3273
10127 8 6 3937
10235 11 6 7136
10509 9 15 7548
10686 16 0 6004
10687 0 11 6022
10687 16 6 9082
10795 3 2 6699
10795 2 14 9877
10814 8 4 8964
10913 5 19 7117
10913 10 3 7238
11196 2 15 8460
11277 19 9 8317
11510 9 4 4069
11669 15 0 9387
11913 17 5 4209
11913 14 16 2704
11913 15 14 4461
12144 12 15 2534
12348 14 19 9877
12408 6 12 7297
12435 0 7 2274
12435 4 1 7324
12676 6 12 2173
12925 0 19 3464
12927 19 3 9646
13000 10 2 4733
13000 13 3 7165
13293 11 16 1750
13559 1 7 7743
13630 7 1 1842
13645 4 0 3625
13645 14 11 4567
13926 13 15 3941
14021 3 4 5322
14113 5 8 9564
14359 11 10 120
14374 11 10 514
14485 7 1 7335
14777 9 16 5836
14991 8 5 4011
14991 15 17 5699
14991 7 14 4957
14991 4 1 2716
14991 1 6 2981
15070 8 2 8706
15199 12 8 4807
15199 8 6 219
15199 2 19 9436
15199 0 1 8795
15199 0 6 2212
15463 8 7 3967
15562 16 3 3660
15562 3 9 2018
15664 15 18 2944
15664 8 1 2580
15664 6 2 1928
15776 4 12 3992
15956 18 8 1420
16038 4 1 1647
16335 8 13 5285
16351 4 18 5394
16351 17 13 7190
16565 4 10 3394
16593 7 17 5406
16864 10 5 4645
17144 6 3 5022
17410 10 1 9730
17564 16 8 6343
17564 1 15 9670
17681 5 12 6363
17681 6 4 4254
17733 10 15 6348
17740 14 11 5272
18021 14 15 9109
18150 6 13 2052
18317 4 14 5410
18317 5 1 4084
18605 17 6 9700
18605 8 17 96
18665 7 8 2848
18665 13 5 7884
18754 10 9 5052
19032 17 1 8416
19234 8 19 6567
19234 19 16 2869
19319 5 9 5896
19319 15 0 619
19419 2 3 7558
19419 12 3 8627
19419 10 8 8515
19419 19 9 2630
19469 10 6 4174
19469 11 10 5184
19469 10 2 3423
19469 12 5 983
19749 16 6 6136
19947 16 19 4541
20237 0 11 2218
20518 13 5 6666
20690 11 3 4289
20971 0 12 2877
20971 13 1 6588
20971 18 5 2318
21224 10 7 6044
21508 12 16 3608
21641 13 18 2453
21799 16 10 5839
21799 5 1 1588
21799 6 17 8413
21925 5 15 1887
21958 1 8 435
22144 19 0 8691
22156 15 9 7608
22404 8 19 6558
22404 1 7 8461
22404 0 13 7070
22447 14 9 4125
22524 5 13 5733
22524 15 4 110
22717 7 11 2770
22717 7 8 4282
22717 13 3 5326
22930 11 15 3694
22930 5 7 9674
23174 16 19 3184
23394 0 4 5690
23398 4 13 8953
23689 18 6 5338
23970 19 14 7412
23970 4 19 3832
23970 1 15 9555
24079 7 3 8888
24190 8 18 949
24294 1 4 5596
24443 2 19 3454
24668 7 9 4127
24717 3 18 5046
24931 0 7 4562
25202 9 15 3839
25275 2 11 7238
25290 2 16 2204
25573 19 8 5011
25840 16 5 8996
26105 6 7 8812
26105 11 18 4091
26105 12 16 788
26183 3 10 3600
26475 6 16 7979
26475 16 11 5216
26743 19 15 1270
26956 3 15 8677
27224 19 7 9284
27484 4 12 6708
27769 19 7 9674
27865 4 7 5348
28162 2 1 3834
28305 9 14 4236
28433 11 3 3033
28433 13 12 8493
28497 11 17 7220
28521 10 14 3537
28801 19 15 1995
29049 18 3 6292
29294 10 9 8993
29365 16 9 9625
29365 7 6 9354
29411 1 5 3815
29494 1 11 7087
29494 18 14 2336
29495 13 4 3125
29577 19 16 2752
29672 19 2 4007
29672 6 8 6882
29687 8 10 2871
29980 4 19 2022
30113 11 13 7860
30387 18 3 6899
30482 7 9 3249
30590 1 12 3333
30651 6 11 423
30651 13 18 7213
30886 2 12 7903
30912 4 5 4463
30921 4 0 4570
31203 10 8 9420
31203 14 4 9848
31271 6 8 1663
31271 12 4 4411
31271 3 1 5718
31271 11 3 481
31286 0 5 8331
31481 13 19 7761
31481 1 6 4464
31481 0 15 3107
31688 9 2 1894
31758 11 12 257
31758 15 2 3238
31963 16 8 4233
32228 14 1 9000
32446 16 1 6514
32651 2 9 8956
32859 16 2 6508
33145 18 2 9357
33145 12 8 7364
33145 17 14 2446
33212 1 10 8100
33303 14 16 9473
33303 16 7 8967
33490 3 14 9594
33490 2 11 3026
33524 4 5 3340
33605 6 2 5109
33852 15 17 6597
33852 1 2 83
33852 2 19 4243
33852 14 4 7382
33919 11 18 9609
34171 19 16 7362
34432 8 19 2293
34729 13 2 5530
34893 4 3 3978
34902 0 11 5836
35174 13 15 7079
35174 18 6 7117
35204 14 12 2782
35206 3 17 6165
35206 19 6 278
35274 15 1 6984
35274 19 2 9226
35431 3 6 8565
35593 12 19 1770
35615 5 1 3602
35877 14 9 8808
35952 6 10 6479
35952 1 0 5647
36140 0 17 9868
36169 11 18 8570
36344 4 5 1230
36537 12 13 4245
36653 17 19 4260
36892 15 1 3781
36892 19 16 5756
37147 7 16 9331
37147 3 16 8010
37376 4 19 447
37376 10 5 6635
37376 0 6 8015
37573 12 3 2753
37762 6 2 6875
38050 9 4 6957
38203 1 0 9486
38285 16 13 3957
38513 5 6 5682
38513 0 16 2950
38644 0 6 4800
38644 2 15 3525
38644 15 17 8700
38772 10 7 1645
38930 9 6 4110
38930 8 9 977
39105 16 2 2380
39105 15 16 8548
39262 15 19 1294
39380 6 2 8575
39575 7 6 3662
39669 6 17 8914
39729 4 19 976
39729 15 8 1322
39868 19 18 9035
39868 17 13 5091
40079 15 10 7756
40377 12 16 3711
40451 1 15 3994
40548 13 18 8714
40548 17 12 146
40837 1 17 409
41130 4 6 364
41174 9 16 1741
41322 1 18 6603
41534 9 4 8297
41643 3 17 4415
41643 2 19 1089
41643 12 11 8557
41796 10 11 330
41832 9 0 9682
41832 12 10 1026
42093 12 4 9849
42093 6 17 380
42353 8 19 4827
42353 3 16 752
42467 9 3 8392
42555 5 19 9780
42849 13 10 5503
43148 4 2 5268
43148 1 5 6143
43350 10 9 5108
43415 4 5 5560
43534 6 2 8010
43534 17 14 5841
43534 12 0 7478
43795 13 0 8396
43795 7 8 7451
43867 9 4 7747
44114 18 4 9545
44114 12 16 9408
44270 14 10 1341
44427 9 16 1048
44576 18 16 9342
44754 12 3 9007
44846 13 3 8925
45061 14 8 5514
45061 16 17 4886
45061 0 6 6761
45287 17 4 9751
45473 9 5 8811
45473 19 15 4500
45717 15 3 9147
45989 3 6 465
46016 8 17 8448
46167 19 14 3411
46246 17 0 1941
46539 9 0 7203
46793 2 8 4305
47004 1 6 1829
47004 16 14 6837
47004 15 10 4969
47095 8 10 6705
47095 19 15 7080
47270 16 9 6369
47270 3 5 1483
47509 16 12 846
47608 1 17 4463
47608 3 4 4276
47718 6 18 4003
47718 3 17 1544
47723 18 11 7236
47984 19 13 5993
48252 5 12 5341
48393 9 19 9285
48534 6 12 1767
48534 1 5 6910
48596 2 16 6980
48701 5 11 9570
48701 19 8 8749
48927 8 3 3031
49055 19 16 8810
49220 4 9 2804
49451 15 10 3242
49451 10 7 4376
49699 15 5 3690
49899 0 9 3731
50009 12 1 5899
50009 13 7 7424
50224 9 8 7630
50234 7 14 130
50485 17 5 6522
50554 1 7 9817
50592 19 4 5172
50871 14 5 4780
51098 0 11 7645
51262 15 9 976
51458 0 4 1669
51581 17 8 3914
51745 10 7 2054
51918 6 0 1135
51918 4 6 5167
52063 1 0 1192
52321 16 4 9489
52448 17 16 9906
52634 5 7 7020
52634 16 6 2492
52634 0 13 7581
52717 18 6 9005
52717 13 4 9074
53001 3 1 517
53283 5 0 9290
53283 7 8 4366
53283 9 18 1797
53383 0 6 7382
53383 12 16 6721
53394 15 1 6602
53394 7 16 5075
53394 19 16 5881
53578 2 0 2733
53737 15 12 338
53752 5 2 9314
53752 7 13 2537
53752 19 13 5347
53939 19 16 2247
53939 1 17 7261
54003 9 14 6721
54242 19 11 4046
54357 10 2 8653
54357 9 13 9517
54482 17 16 6372
54482 13 17 404
54535 7 17 5722
54588 2 12 9380
54882 8 19 6638
54977 2 10 8769
55036 18 1 1724
55051 11 5 1717
55119 14 9 8704
55215 2 11 3611
55409 3 1 2503
55409 12 16 704
55493 17 1 7936
55525 13 10 5541
55556 0 5 9070
55831 4 9 3171
55980 1 10 8624
56097 14 18 6536
56360 9 14 3943
56638 6 3 4548
56848 8 12 6060
57007 3 9 2343
57017 2 0 6487
57283 5 14 1038
57283 18 0 9720
57330 19 0 3322
57330 9 13 9946
57347 0 2 9150
57347 5 4 8016
57548 18 2 8246
57791 10 18 4538
57791 17 11 2718
57870 19 12 6678
57981 2 3 1671
58054 13 9 1882
58054 17 18 9385
58076 6 14 7227
58201 11 17 8089
58217 13 0 7682
58217 11 19 9911
58217 4 10 4918
58376 14 17 6986
58636 6 1 4832
58836 13 9 8403
58836 19 1 4962
58836 18 10 9357
59014 0 3 8294
59014 14 9 8638
59256 6 7 4782
59256 1 16 5431
59401 19 12 7814
59401 16 11 2661
59654 17 11 2479
59930 6 16 8339
59930 6 13 8570
59951 3 1 5843
60032 12 16 8661
60032 7 3 4008
60032 4 9 1239
60254 9 11 6621
60512 9 6 7153
60720 12 19 8800
60824 18 12 1862
61064 3 17 9642
61145 17 11 1748
61434 12 4 6293
61577 18 0 7194
61599 15 1 8652
61642 13 7 8263
61921 18 5 3808
61921 0 2 2851
61957 16 6 8487
62125 16 7 4470
62305 17 12 5210
62427 12 14 6001
62447 18 1 6197
62656 7 16 8320
62683 13 16 5582
62902 14 13 5022
63064 18 15 1251
63273 10 3 8106
63273 8 2 7614
63314 10 5 6426
63314 11 9 3309
63314 11 4 9128
63375 18 5 5786
63375 2 19 6169
63375 15 14 6776
63375 2 15 2352
63651 11 7 5395
63651 16 0 4934
63761 17 16 3446
63959 1 12 5502
63970 19 10 9223
63981 8 6 8237
63981 12 11 7522
64086 11 15 9893
64086 17 5 8041
64164 15 13 215
64284 13 0 5457
64284 8 2 2234
64448 14 6 3959
64592 18 5 3273
64592 13 15 4906
64795 18 9 3133
65044 12 3 4726
65188 6 8 2137
65379 1 2 6109
65457 2 7 312
65457 2 10 39
65603 0 14 144
65679 1 17 566
65960 11 15 7243
65967 14 19 7687
66158 17 6 9530
66158 7 19 9340
66379 3 9 4397
66560 1 12 6645
66714 17 4 8179
66923 5 16 3364
67152 4 1 4681
67424 13 9 7480
67493 14 0 2856
67687 15 5 8172
67693 2 19 1538
67793 15 17 2107
67899 19 2 2903
68092 19 17 8782
68341 0 11 477
68432 19 16 5992
68432 18 10 5253
68520 12 9 3614
68527 3 4 3231
68770 8 2 8769
68770 6 3 5548
68770 15 18 6137
68832 15 4 6835
68889 6 3 8643
69002 3 10 9464
69005 13 16 3655
69005 15 18 1093
69166 19 13 2208
69449 6 12 2069
69449 11 3 7985
69465 13 14 5053
69566 9 4 6316
69748 11 13 5231
69884 8 4 7430
69944 4 0 6659
69963 14 17 5535
69976 18 19 8753
70225 6 11 1481
70225 3 14 590
70250 14 11 2382
70250 9 4 7120
70250 10 15 3637
70505 18 16 8655
70505 13 7 7663
70638 6 16 8443
70926 5 19 3372
71040 3 2 297
71231 14 17 791
71431 8 10 7243
71454 6 5 5213
71599 18 9 4710
71848 14 0 3232
71967 0 7 5674
72143 12 17 8002
72167 17 18 1481
72167 18 11 8570
72431 11 18 5689
72511 16 8 3244
72511 0 3 598
72647 4 2 1223
72733 4 0 4426
72738 7 13 2592
72738 3 14 9121
72738 14 6 9403
72916 1 0 9319
72916 8 3 1586
72916 1 13 7252
72965 14 6 4523
72965 13 16 7279
73178 14 7 8282
73178 3 19 4455
73178 11 10 2140
73475 19 7 7293
73718 14 16 9578
73946 5 13 936
74149 19 14 9089
74149 7 3 6961
74149 6 16 1570
74180 8 18 7674
74334 15 18 8324
74460 9 13 450
74651 18 4 7349
74651 5 11 2721
74846 16 11 2855
75013 15 3 4227
75090 10 0 4200
75137 17 12 6475
75137 2 6 5855
75137 3 12 3289
75251 17 10 6556
75481 13 4 2208
75574 15 18 8372
75659 10 2 2268
75815 12 3 5358
75815 7 14 7495
76059 2 15 1102
76060 9 7 1731
76129 13 3 677
76330 1 3 3158
76560 1 13 6092
76560 9 17 142
76560 9 16 9971
76650 9 4 7345
76782 5 13 5700
76854 12 9 8164
77046 4 12 6403
77171 6 1 366
77191 10 18 2981
77400 13 4 7062
77400 0 14 2309
77526 16 6 3366
77806 4 9 2752
78095 12 7 7853
78095 17 2 8397
78394 14 4 4626
78611 8 6 2583
78679 14 10 8638
78765 17 19 2932
78846 18 17 4598
78846 14 18 3837
79085 15 4 7230
79085 11 3 9047
79292 9 4 2221
79505 13 18 1627
79593 15 9 7680
79808 9 2 3723
79932 10 17 3160
80153 12 13 5662
80153 11 12 2440
80153 6 18 5736
