125 8 3 7583
461 16 7 995
1038 0 2 8197
1419 13 19 4740
1891 17 18 8935
2293 2 0 5296
2394 3 5 1313
2774 0 5 9530
3345 18 11 512
3629 14 12 8977
3991 3 4 2460
4245 14 0 4116
4558 4 16 7896
5135 19 8 3961
5137 9 16 2584
5569 17 4 8398
5759 16 6 8216
5867 17 3 685
6455 16 7 6872
6970 9 12 8868
7317 14 0 8386
7582 9 4 6640
7598 10 13 3898
7931 8 18 8265
8433 15 10 2718
8789 13 6 7100
9338 17 12 400
9781 0 2 5865
9865 1 9 9743
10091 4 18 8355
10249 19 10 8787
10531 10 0 311
11077 1 15 7953
11128 8 3 5183
11297 17 12 829
11710 14 5 2731
12016 19 17 4798
12613 10 3 7497
13068 7 5 7254
13523 11 18 3889
1016 15 0 5796
1474 6 4 504
1850 16 5 7120
2040 17 2 8270
2416 17 10 3461
2710 9 5 5415
3065 6 3 8443
3417 10 7 6156
3678 9 13 6612
3864 12 5 4461
3917 0 17 1112
4339 11 9 1456
4798 2 8 5000
5292 14 12 4693
5559 7 12 2755
5738 0 3 8258
6031 16 18 8975
6512 12 7 2867
6632 6 15 802
6943 0 13 320
7472 1 18 9479
7962 16 3 309
8497 10 3 8888
8502 9 4 196
8563 2 11 2692
8633 15 3 7823
9057 13 6 747
9167 3 6 1764
9432 8 4 1124
9879 18 6 8164
9928 7 6 7524
10437 4 19 6710
10572 14 9 9246
10846 2 13 1528
10995 15 3 2107
11162 10 4 8631
11587 11 19 3041
11673 14 16 9265
11706 12 8 7046
12259 8 16 7620
1546 19 15 5168
1944 15 8 3351
2137 9 4 6237
2521 4 19 2052
2544 16 7 5316
2849 12 14 3137
2883 10 0 7810
3168 3 9 6539
3656 15 6 4906
3894 17 15 8781
3935 9 4 5046
4042 7 18 577
4206 4 15 175
4452 13 6 7475
4611 3 8 7197
4813 8 14 7955
5380 17 2 1621
5705 7 5 1288
6046 19 10 1695
6522 14 11 1137
6525 1 0 7075
6684 17 8 7097
6881 19 0 7740
6887 13 5 1132
7072 6 7 8247
7245 3 10 2837
7561 2 1 8522
7734 18 2 7592
7921 19 17 6788
8396 3 2 9086
8878 16 6 4442
9407 7 16 6921
9913 16 14 169
10379 11 8 6800
10868 12 17 9444
10925 18 5 2130
11415 16 0 2213
11629 10 9 210
11753 0 19 8478
11988 17 4 4905
2185 12 14 5981
2319 14 11 4008
2537 5 0 1999
2677 10 2 5643
2836 6 13 4452
2887 12 4 9789
3356 15 11 204
3765 19 3 451
4026 13 17 4195
4564 13 16 2620
4778 11 1 4439
5296 8 3 5534
5726 11 12 2250
6169 13 8 8151
6667 9 18 3811
6699 15 17 77
7286 13 1 2975
7845 10 18 1994
8349 13 11 6442
8682 12 19 6527
8961 12 5 7161
9543 7 8 3514
9828 13 9 4642
10021 14 4 3064
10359 11 2 3064
10411 8 0 9762
10952 11 1 2179
11413 0 6 2245
11701 0 9 3408
11756 8 18 9782
12309 3 18 6584
12666 19 4 2028
12741 11 10 7045
12750 14 3 7502
12908 15 6 3477
13219 18 2 3595
13535 19 16 1675
13907 18 19 3580
14445 13 10 6558
14617 5 0 861
2459 12 5 1636
2662 18 17 656
3226 9 19 5142
3684 9 8 2324
3971 6 17 5046
4190 5 9 3085
4434 4 15 9781
4577 10 11 9355
5016 14 6 5391
5152 16 4 3286
5575 4 17 1710
6101 0 7 1408
6398 16 13 7096
6513 1 10 6443
6843 8 9 156
6980 10 7 7068
7433 7 12 6530
7991 5 10 8061
8584 13 3 6975
8626 12 5 4880
8881 6 18 2759
9009 17 11 8027
9352 15 13 96
9607 14 18 8567
10175 17 9 9335
10464 6 18 813
10534 9 2 8399
10942 16 13 9538
11348 0 19 7736
11613 2 3 2528
12025 9 5 5414
12149 18 5 4595
12699 14 19 4809
12922 16 0 841
13246 10 18 6701
13586 11 18 2741
13992 15 4 6832
14061 18 10 8449
14311 14 9 6564
14700 8 2 6183
3265 4 7 7885
3800 4 3 1557
4222 6 14 9079
4424 17 12 8275
4668 7 6 890
5099 9 7 9451
5291 17 19 4004
5576 5 17 6903
6113 16 1 7539
6297 10 5 8860
6711 9 6 9540
7159 19 12 6254
7341 12 0 7173
7791 0 6 1157
8179 18 8 5926
8762 16 17 7874
8922 2 10 2623
8968 19 9 1110
9295 13 17 610
9372 17 9 623
9488 8 13 6946
9775 9 14 7289
9976 12 3 5214
10270 15 10 9678
10443 9 7 7191
10958 12 9 1867
11516 13 5 3356
11970 6 2 5037
12490 19 3 5994
13013 12 14 7873
13236 6 2 3488
13451 17 4 9949
13729 12 16 6240
14178 8 16 3756
14610 7 11 1058
15188 0 6 2747
15361 8 13 7743
15431 9 1 447
15606 0 1 5837
16161 14 8 2076
3780 5 11 2503
3989 2 8 4543
4342 1 6 1651
4889 15 11 3806
5069 7 19 9592
5243 5 9 5693
5609 4 10 4466
6076 5 0 5967
6301 4 16 226
6357 3 13 3981
6700 11 15 3819
7286 16 19 506
7512 10 2 7036
7905 5 9 2975
7969 1 9 1789
8104 9 5 7529
8216 9 18 9715
8697 8 11 2995
9023 0 17 780
9368 15 11 4673
9411 15 2 1476
9698 11 19 9144
9973 0 9 5513
10381 10 16 9235
10664 7 14 5817
10866 14 15 8683
10928 8 7 8390
11380 8 19 3872
11552 13 14 4887
11722 17 12 3181
12088 18 19 8132
12330 18 14 108
12441 7 5 7967
13029 3 7 1100
13532 10 12 397
14075 0 4 3422
14168 12 4 6319
14515 18 2 1056
14520 5 1 9824
14849 0 5 1656
4438 7 19 9838
4453 12 2 475
4960 9 14 3665
5147 6 14 3052
5281 1 16 6001
5438 6 14 533
5921 11 18 3176
6081 14 15 6550
6165 13 0 1648
6200 2 13 6856
6567 12 13 4197
7145 0 7 2150
7406 12 18 306
7640 17 3 9224
7830 10 5 977
8168 15 5 3256
8351 13 4 3857
8643 17 5 4077
8979 8 4 5850
9531 6 17 9275
9661 2 13 4178
9752 13 10 3342
10231 17 13 3144
10526 4 18 7261
11109 7 17 3118
11707 10 2 79
12244 7 14 6110
12440 15 8 4013
12975 13 0 7300
13042 11 2 4765
13464 12 15 3112
13853 18 8 5127
14405 7 11 2378
14576 12 18 4818
15100 11 19 9019
15322 17 11 9447
15560 9 11 5998
15701 15 14 8213
15744 9 3 2054
16201 7 16 1083
4842 18 13 8170
4945 2 17 6299
5227 18 8 4788
5806 10 9 120
6330 10 19 6020
6604 12 11 4623
6680 2 11 1346
7212 14 15 5641
7386 2 5 7159
7717 18 0 1809
8259 1 5 5368
8457 5 7 9246
8974 18 17 9800
9332 10 6 6537
9896 6 5 1006
10013 17 12 2959
10445 6 12 631
10589 17 18 1730
11107 11 3 7825
11182 17 15 101
11597 0 5 6493
11809 7 3 8243
12129 8 17 454
12614 7 15 6907
13094 16 8 1804
13537 3 5 92
13742 8 16 2268
13887 15 10 9816
13990 6 8 8196
14307 8 17 6058
14892 16 6 1256
14997 10 18 4747
15392 0 12 1538
15423 13 18 6814
15492 3 1 9163
15747 4 18 2360
15818 9 0 1392
16213 0 17 6560
16273 9 3 1639
16274 1 18 6512
5987 10 5 8003
6025 8 6 5629
6246 5 3 5921
6414 19 10 6831
6888 19 8 8952
7392 6 1 3324
7905 2 7 5020
8181 13 17 4980
8197 14 4 9086
8512 19 17 1798
8973 1 11 7910
9250 5 14 4475
9665 14 2 3387
9857 2 0 4328
10009 9 7 9329
10489 5 9 7573
10978 3 11 6543
11561 3 0 7113
11576 6 0 733
11812 10 18 1344
12306 19 13 2557
12451 3 11 7014
12875 16 14 5206
13401 6 18 1315
13539 17 7 2444
13679 3 13 3192
13835 7 14 5814
14207 12 1 3024
14803 16 0 7280
15262 6 14 9139
15825 13 10 6345
16288 19 12 8656
16601 13 8 9227
17104 7 4 1132
17697 1 5 213
18211 13 14 9212
18424 0 3 1776
18988 11 9 8755
19199 8 13 9988
19471 7 4 5126
6466 6 3 195
6738 4 16 2486
6787 5 1 858
6963 16 9 2557
7303 16 0 6090
7893 6 8 7389
8071 17 7 8890
8248 9 2 1883
8662 14 3 3507
9097 12 13 4856
9104 13 11 1121
9236 13 1 1026
9286 8 5 7713
9609 15 16 1285
10084 8 2 7853
10641 6 7 3677
11033 12 11 8523
11153 18 4 7570
11444 12 19 6972
11735 16 1 4592
12050 6 4 3586
12559 13 8 443
12958 0 9 6702
13016 18 14 9365
13593 10 16 8045
13676 4 7 5484
14064 12 9 3365
14362 12 17 2776
14585 19 6 630
14643 4 16 5419
15240 17 0 8334
15714 12 11 2389
16047 5 3 2761
16413 8 10 5293
16639 11 8 853
16667 13 9 3402
16776 19 1 9204
17013 14 13 1109
17468 15 7 2454
17515 19 15 3600
6711 10 16 8696
6784 18 13 1044
6843 9 0 2606
7123 3 18 9207
7643 5 7 7491
7776 3 14 3537
7971 1 11 5457
8321 19 2 7154
8662 18 2 183
8917 7 2 1265
9081 11 14 5215
9153 2 0 9383
9746 9 3 5133
9790 14 9 8720
10328 2 7 9052
10434 2 5 212
10633 5 18 1971
11129 7 4 9216
11447 5 0 7063
11590 7 2 6348
11892 7 17 9396
11893 9 11 4714
12284 12 1 3889
12563 19 0 7682
12604 7 1 7804
12741 14 2 9373
13197 5 14 2379
13768 9 5 6042
14167 17 11 2115
14403 19 10 8114
14544 2 18 6817
15068 14 7 4813
15376 7 0 8685
15852 18 10 8550
16233 15 7 940
16676 11 9 2999
16932 12 15 6074
17123 2 4 3230
17560 4 19 8014
17970 9 2 2273
7350 2 4 8250
7921 9 13 7398
8242 17 14 1246
8500 1 13 8062
8669 5 15 8656
9121 5 18 4397
9504 11 4 4174
9664 16 10 2409
9683 11 13 4403
9721 3 12 6482
10090 12 7 4551
10652 6 14 6008
10660 15 6 9062
11054 5 7 9813
11548 13 3 6291
11937 9 6 5910
12336 12 6 924
12374 10 8 4841
12690 11 9 2342
13262 17 11 4797
13478 8 15 6236
13925 14 19 7467
14260 17 11 3421
14809 1 16 1929
15222 0 7 5227
15259 0 13 2602
15504 14 12 2435
15817 3 19 6645
16304 0 13 4278
16513 15 0 2859
16726 16 2 389
17096 7 13 4751
17446 8 18 9971
17659 19 16 9149
18233 19 15 1332
18677 12 7 8745
18940 5 7 6141
19046 8 9 4426
19400 10 1 3648
19539 0 8 2833
7935 0 11 9804
8475 18 19 96
9069 10 6 1222
9234 4 19 9346
9413 17 13 9872
9859 13 12 5231
10416 10 17 8957
10855 15 5 468
11368 5 17 9514
11771 11 4 4679
12144 10 13 9555
12662 9 6 6710
12855 9 12 9565
12901 16 9 4427
12945 18 11 9368
13401 6 19 8821
13647 18 1 8529
13919 13 15 3923
14427 19 14 2632
14808 4 17 6235
15122 5 6 4159
15478 3 9 7052
15904 6 15 8976
16041 1 19 3889
16138 13 9 5239
16672 6 12 6853
17061 15 19 9836
17645 16 15 854
17923 16 0 4257
18480 12 9 6219
18954 18 1 1854
19206 9 13 2583
19795 13 16 8930
20319 2 3 1444
20462 17 3 435
20774 18 5 2606
20780 14 16 5347
21077 2 7 4143
21320 4 13 1009
21650 7 5 4789
8532 1 4 7289
8823 3 12 1265
9174 4 3 7452
9327 1 14 3813
9673 1 19 8499
10064 4 19 8632
10127 3 5 6407
10225 13 18 3280
10559 9 16 3644
11155 10 13 1478
11324 19 11 8874
11407 6 12 8225
12005 16 7 8192
12142 17 10 9781
12147 8 16 6890
12581 8 11 3610
13142 3 15 7185
13207 1 15 8644
13547 17 6 1767
13572 5 1 1014
13864 6 16 102
13953 4 17 8856
14469 9 4 6510
14674 18 6 7719
15063 10 2 7947
15417 17 8 2146
15552 3 9 5413
15823 8 3 3176
16289 15 0 4713
16743 13 12 1859
17330 16 1 1160
17929 6 14 2403
17936 11 17 4470
18021 9 18 8624
18198 10 18 1736
18674 2 5 3955
19083 16 14 4972
19490 16 11 3913
19739 17 4 7653
19996 5 2 9775
9395 14 5 5271
9888 3 6 3976
10466 11 3 9800
10813 3 18 7627
11165 0 5 765
11744 11 3 3869
12321 9 14 4328
12475 9 0 1686
12504 2 15 8733
12840 9 14 9619
13281 14 1 6846
13496 7 17 8914
14040 13 12 922
14256 1 8 9251
14399 0 9 9723
14652 19 9 2559
14665 13 15 1350
14906 3 16 4936
15484 10 12 7713
15832 16 8 5485
16196 17 11 5159
16719 2 10 3396
17023 6 0 2816
17412 18 11 7662
17627 1 11 4248
17682 15 18 3885
18216 4 13 4933
18429 0 19 4460
18981 5 11 7287
19258 11 3 9729
19422 4 8 4216
19622 14 17 2857
19880 11 12 4094
20113 17 0 468
20499 7 12 3331
21030 2 15 7409
21256 19 13 9862
21809 3 6 3304
22129 12 9 7672
22427 15 5 4379
10138 2 16 3280
10362 2 19 8295
10600 6 13 2323
10823 1 19 6278
11182 11 9 9079
11578 8 18 9020
12018 1 3 3499
12177 18 14 2558
12536 2 16 1256
12686 15 4 1475
12686 6 12 9075
12750 3 18 1588
12919 17 10 5274
13296 0 12 4861
13341 10 13 9259
13782 8 9 5916
14297 4 5 8783
14478 14 13 3575
14929 1 0 5103
15206 10 2 3948
15536 2 10 6601
16087 2 3 8833
16354 16 19 940
16710 17 11 6843
16793 6 7 1188
17086 14 5 8004
17210 15 16 347
17744 10 12 9691
17795 6 10 620
17823 19 8 9709
17917 8 11 3776
18022 14 19 1686
18373 5 14 2556
18863 16 12 5413
19180 13 16 2618
19664 14 19 1487
19987 19 4 8753
20121 2 19 6005
20490 5 13 3975
20897 10 1 5434
10281 7 17 8050
10485 11 4 889
10527 9 6 4757
11081 7 5 3310
11228 2 10 9901
11496 13 18 7130
11516 16 13 9938
11892 7 19 0
12268 18 1 5556
12393 1 14 4311
12432 19 2 6129
12976 3 0 7911
13102 3 1 3697
13129 5 12 2599
13278 14 18 2756
13446 1 17 9818
13564 7 5 8518
13968 2 5 2789
14390 8 14 6719
14562 16 19 2682
15002 3 9 1887
15377 13 1 5013
15738 15 12 7771
16052 14 7 6593
16162 7 14 5255
16538 17 12 745
17042 17 14 7201
17286 18 2 3444
17347 12 6 1362
17855 13 0 2232
18298 9 5 3684
18303 4 18 332
18353 5 13 920
18939 15 0 7085
19488 12 3 1438
19667 16 19 4217
19700 18 0 7630
19971 3 10 5783
20308 8 11 3935
20391 17 18 489
11301 3 13 1763
11398 13 14 6451
11567 11 19 3506
11926 13 3 8809
12341 8 10 4064
12847 6 19 5539
13437 5 12 6306
13943 7 0 4687
14498 12 16 736
14573 1 10 1074
14682 19 17 641
15005 10 19 9870
15303 17 16 6890
15568 3 8 1008
15731 1 14 6773
16194 14 4 7560
16730 17 9 1076
17319 12 17 6246
17487 9 3 2143
17723 8 6 9270
18186 18 1 6659
18407 15 14 321
18791 10 7 3548
19316 8 4 6454
19721 7 0 869
20020 7 14 6480
20434 6 7 3397
21024 7 19 7549
21051 2 6 7584
21358 17 18 116
21486 9 4 3521
21889 7 3 3110
22154 19 13 402
22155 11 1 4393
22319 3 1 8186
22527 18 11 9762
22907 0 12 9040
23346 17 12 722
23827 7 5 7542
24067 18 17 3256
11509 18 7 1757
11578 15 3 4263
12057 5 8 8516
12059 19 3 2748
12626 17 11 6997
13104 10 4 7079
13350 10 19 4519
13870 9 6 7132
14224 7 1 6605
14274 11 7 1840
14752 6 12 2793
15022 10 9 449
15311 15 16 7366
15875 3 11 1042
16339 14 10 6296
16484 5 12 2360
16738 2 13 5770
17067 13 0 8565
17130 4 19 4829
17330 11 10 1904
17703 6 16 6663
17955 8 10 4362
18353 5 9 7736
18545 14 9 8921
18719 12 11 5941
18843 6 15 1766
19135 1 0 8928
19141 1 4 2231
19209 0 4 7679
19676 16 11 6289
19946 18 6 1171
20026 11 18 623
20565 5 19 513
20898 5 18 5267
21435 8 19 9785
21814 2 19 4826
21987 18 12 936
22577 9 7 1214
22913 8 14 5609
23018 10 16 482
12044 1 15 8654
12056 10 14 7105
12419 13 7 2076
12925 7 4 2618
13097 13 12 8226
13369 19 4 9378
13625 7 16 1328
14018 13 12 8219
14185 8 16 3750
14299 15 14 6999
14420 11 12 2389
14533 1 8 2107
15110 5 6 3472
15616 18 11 3461
15819 9 4 8420
16148 14 15 9837
16208 12 4 7058
16774 1 0 1829
16955 15 17 5900
17555 10 7 9511
17612 19 6 5546
18110 8 16 6583
18422 4 19 2427
18649 12 2 6535
18967 7 19 8052
19547 0 16 2073
19671 2 17 5027
19738 13 4 5491
20296 16 4 5050
20557 19 0 589
21149 2 12 3284
21428 10 14 3268
22017 18 2 2474
22491 4 0 4446
23039 5 6 9473
23275 14 10 7496
23614 3 15 7831
23733 7 13 3399
23862 15 12 8251
23988 14 15 6247
12859 3 1 2975
13091 8 15 6205
13552 2 5 3822
13893 10 3 3331
14266 6 3 8138
14637 16 0 5716
14886 5 4 4774
14907 15 1 3440
14967 0 1 2086
15184 13 5 9837
15213 13 14 2445
15523 0 3 5340
15970 15 12 3356
16512 15 16 9390
17023 5 12 7806
17480 0 11 4235
17616 8 1 8688
17807 17 19 6124
18391 0 3 2427
18408 1 5 1583
18735 1 5 7895
18865 4 8 9268
19446 19 15 6703
19606 15 2 5175
19974 5 0 2740
20113 17 10 1474
20341 7 4 3455
20735 9 0 433
21174 0 14 4610
21484 14 8 215
21531 16 17 8289
21669 12 9 3370
21699 8 5 3204
22023 19 5 2252
22117 12 0 9461
22281 0 8 6253
22740 1 14 8769
22976 11 12 5847
23009 15 0 5323
23438 8 2 4850
13494 6 12 5535
14085 12 15 8781
14643 6 8 3675
15170 4 6 5603
15363 12 17 2944
15633 16 4 8635
16022 14 5 4189
16262 13 3 9097
16304 2 9 4297
16475 3 1 8192
16878 0 13 1990
16932 10 18 4656
17343 19 10 521
17428 2 13 2782
17527 9 13 5380
17752 10 15 1483
18197 8 14 1319
18575 14 7 614
18923 14 9 7249
19194 10 12 1890
19778 10 9 1198
20351 11 6 2877
20726 2 18 6402
21144 5 1 1856
21415 2 0 6854
21501 3 18 5545
22052 11 7 7275
22106 11 19 7754
22519 14 1 6050
22701 6 2 6474
23058 12 4 3824
23301 13 7 5786
23571 10 9 9670
24003 17 8 6843
24233 8 14 1392
24706 10 0 8791
25139 13 12 8470
25418 11 13 2767
25829 14 3 9136
25997 19 14 7872
14152 19 1 6560
14717 9 15 8854
14785 10 5 0
15378 0 14 2473
15501 14 19 9777
15788 8 3 5509
16018 11 1 6574
16566 6 14 4186
17157 14 17 9764
17601 11 10 5341
17799 5 9 1357
18388 10 12 5117
18879 18 15 6332
18967 8 18 5409
19472 10 9 6461
19729 14 1 3866
20306 1 11 6336
20600 1 15 5715
20978 11 8 5506
21513 3 11 3018
22058 10 4 7152
22316 18 4 7319
22717 10 3 3324
22764 2 17 6525
22821 11 0 6462
23189 16 14 7236
23714 17 14 6489
24176 17 15 6070
24418 6 12 1670
24922 3 17 2287
25089 8 17 8850
25643 15 6 6272
25779 17 9 7004
26328 11 19 8748
26571 19 13 3780
26988 1 6 8882
27340 12 19 3924
27860 7 16 525
28372 5 3 4660
28626 4 5 2342
14446 9 8 2597
14557 11 0 3777
14867 17 19 1249
15176 2 18 8556
15548 10 19 8569
16068 13 6 4890
16616 7 3 9437
16887 7 2 1039
17283 11 13 8433
17514 2 13 9837
17877 17 3 9706
18092 12 1 2337
18531 18 15 388
18773 17 7 1683
19204 7 6 3672
19591 16 6 994
19841 2 0 4391
20254 11 2 2371
20824 2 4 5497
21124 18 0 4595
21500 2 4 5201
21757 18 9 830
22276 9 3 2719
22389 3 14 2878
22805 13 1 9844
23045 4 18 7980
23571 4 3 6072
23809 2 16 7889
24208 13 10 3706
24530 10 1 305
24865 6 8 3713
24931 2 1 6110
24943 10 12 6468
25486 5 10 5109
25592 11 4 6717
25922 3 8 5164
26242 15 13 309
26803 3 7 5847
27333 5 15 4478
27566 4 17 4283
15452 11 4 2274
15907 15 1 1618
16489 1 9 3837
17051 16 10 4205
17567 0 19 2553
17731 7 18 872
18053 19 16 8805
18216 10 6 6488
18415 9 8 3689
18642 7 19 3172
18655 11 14 505
18998 7 18 6035
19530 16 7 2971
19791 15 3 4908
20285 5 1 8007
20347 11 0 5321
20829 16 2 8732
20857 5 3 9505
21296 5 18 320
21446 19 8 3017
21911 10 1 8879
22384 10 6 7808
22564 15 8 9492
22619 11 6 3994
22947 18 1 9333
23070 12 13 7176
23234 6 2 3948
23305 13 7 7341
23776 18 0 6718
23869 1 17 1605
23873 18 0 7248
24314 16 1 9077
24775 13 1 5927
24965 1 18 4859
25320 4 0 832
25740 0 12 6701
25892 1 12 5962
26038 4 13 9650
26315 11 19 7820
26915 18 7 1122
16080 8 11 9117
16336 8 3 614
16733 3 9 6137
17222 2 18 5551
17325 16 13 9266
17654 8 4 4099
18245 8 5 1665
18647 0 19 4267
18694 15 9 2329
19267 6 1 3339
19518 10 15 6651
19541 9 18 5344
19682 14 12 5365
20152 15 5 4318
20218 7 17 6315
20585 11 19 9352
21176 4 14 4728
21411 14 7 1845
21709 9 0 5212
21732 16 15 897
21761 11 10 5693
22101 9 13 7602
22523 17 7 8661
22878 4 5 1637
23397 19 15 4862
23573 6 11 5168
23868 16 1 9115
24292 7 0 531
24885 8 10 1510
25091 13 9 4590
25621 11 12 6474
26141 17 0 5450
26676 2 5 9082
27159 3 4 7955
27275 9 2 8807
27521 1 12 2091
28061 18 5 2755
28654 0 13 7701
28751 16 6 863
29082 11 4 3871
16364 19 13 7856
16668 15 10 4467
17008 7 4 544
17199 13 12 6158
17636 5 10 4915
17682 18 9 2965
18270 8 7 5883
18303 8 4 4898
18430 12 11 1188
18624 11 9 7161
19034 12 11 515
19595 10 18 4058
19856 17 5 406
19928 0 17 6626
20269 13 0 5857
20722 5 7 1253
20917 10 19 4492
21060 12 3 8704
21496 17 3 2853
21541 13 6 6125
21543 17 16 656
21758 5 7 8438
22353 3 19 6832
22602 18 5 1911
22785 16 18 322
23182 1 11 3491
23408 9 15 1884
23434 9 16 2520
23434 7 15 6788
23891 9 12 2934
24301 17 7 1442
24818 5 7 7576
25331 13 7 3941
25890 14 1 8073
25949 3 6 112
26058 1 8 4550
26653 2 0 5601
26822 7 3 7499
27034 14 10 2487
27411 4 10 139
16866 16 5 4578
17341 9 19 6080
17893 17 13 5720
17995 19 0 2912
18157 0 18 7542
18625 4 11 4192
19144 10 3 2878
19392 0 19 856
19675 3 16 539
20117 5 6 7957
20218 6 18 803
20588 1 7 1310
20703 17 4 7774
20916 11 6 9707
21463 10 6 224
21855 5 8 9255
21944 12 13 3786
21949 11 14 1400
22347 17 4 6719
22515 3 6 4523
22954 19 2 9770
23387 19 17 1042
23650 11 17 9172
24208 14 8 3081
24622 8 12 1412
25099 4 19 8752
25180 8 13 9895
25557 12 2 1590
25896 3 6 7866
26172 1 12 6487
26598 10 7 5250
27139 13 15 8518
27352 9 16 6975
27947 8 18 278
28230 8 13 6059
28534 12 7 8408
28874 18 13 5584
29384 12 10 8004
29425 13 14 948
29857 16 12 852
17883 16 1 7064
18447 3 2 5317
18622 9 12 6081
19190 4 14 9454
19780 18 8 120
20090 2 8 9950
20372 15 1 8976
20933 9 7 4633
20943 16 15 7092
21403 11 1 6289
21920 0 4 3738
22241 14 7 1600
22483 15 12 7500
22842 2 15 229
23230 15 9 3222
23701 6 17 241
24080 19 3 3517
24120 6 3 1429
24267 11 7 8197
24586 10 11 5504
24693 1 13 274
24891 1 3 8018
25338 16 13 9147
25591 9 18 4722
25806 3 1 8682
25894 3 15 9215
26105 5 12 5749
26333 7 18 7074
26917 17 16 5895
27007 0 8 462
27514 15 14 2671
27925 14 8 8095
28174 0 6 8178
28519 11 9 701
29058 13 6 3066
29505 2 17 2991
30052 16 18 2998
30218 16 8 9717
30515 18 8 8774
30770 6 0 2970
18483 15 10 5120
19078 7 17 4610
19470 17 18 6003
19828 0 2 3634
19911 6 10 4492
20430 11 19 7916
20900 8 6 3235
21027 3 13 8479
21201 3 8 1638
21423 15 14 379
21947 17 14 4992
22461 0 18 7858
22781 4 16 7658
22847 18 9 5101
23140 0 18 8379
23668 19 8 4897
24106 4 12 9146
24608 11 19 5184
24903 6 7 4918
25113 11 6 5700
25615 8 3 3050
26129 1 10 1300
26524 1 2 6422
26731 18 7 2067
27284 11 10 220
27622 18 0 3214
27658 13 12 4292
27794 18 6 7269
27987 17 13 5306
28516 7 8 8065
28816 5 18 7948
29093 6 8 1431
29341 4 9 1683
29768 3 15 605
29875 15 3 6886
29892 1 0 5663
29992 19 15 9424
30124 10 17 49
30657 13 7 4174
30773 0 12 2452
18611 10 1 6339
19005 0 15 9495
19221 17 12 2993
19739 18 8 7843
20251 4 11 9839
20439 1 11 4982
20754 14 12 7456
21134 16 5 9760
21662 1 15 8944
22157 0 11 7919
22546 4 17 811
22830 1 2 2119
22876 12 1 8878
23439 18 11 2219
23518 1 4 9302
23923 4 7 5574
24475 1 14 503
24975 16 14 2731
25069 1 5 7147
25499 1 8 404
25764 12 9 5053
25943 19 9 5453
26199 13 17 2093
26298 0 16 2055
26403 5 18 9224
26987 5 6 4490
27389 13 2 7762
27911 9 8 9192
28343 7 10 9261
28807 4 12 5260
29332 6 4 5366
29834 17 12 931
30353 19 9 1073
30784 8 1 9354
31215 13 0 3944
31240 9 1 4435
31794 15 1 6125
32268 15 16 3781
32291 15 9 3154
32445 5 17 6687
19625 7 17 9654
20104 3 9 4546
20530 5 14 7158
20779 19 11 4485
21253 0 1 8485
21425 3 17 4100
21699 2 16 9463
21937 15 6 201
21977 2 9 2860
22111 10 3 3751
22600 6 1 5315
22612 18 3 2544
22797 12 0 3722
22887 19 6 960
23104 0 11 1374
23304 13 18 9996
23554 19 18 7532
23657 12 2 318
23807 6 16 7517
24049 7 0 5239
24524 11 8 8980
24829 7 3 6008
24927 10 5 9946
25278 19 14 2678
25568 0 5 6958
25804 10 15 2617
26400 5 17 4362
26643 16 10 8648
27200 4 6 7278
27706 16 5 3206
28063 8 14 6034
28224 17 7 7258
28665 4 19 9783
29128 14 12 9423
29619 15 14 3852
30115 19 0 2806
30609 7 16 7829
30804 11 1 1252
30933 3 13 7712
31245 16 0 7561
20156 10 15 6962
20216 10 2 8461
20407 2 16 9777
20749 17 11 8842
21153 6 11 5276
21540 15 14 3724
21723 0 18 1584
22290 6 18 3063
22808 7 1 5347
23203 7 11 9735
23723 4 1 4723
24302 9 8 939
24376 19 6 6169
24888 5 7 2851
25141 1 6 5863
25699 17 14 5046
26077 4 14 2485
26281 9 15 9119
26470 5 1 5708
26489 3 17 2244
26515 2 18 4441
26791 11 12 7815
27069 8 10 5209
27384 12 6 8881
27869 14 7 4381
27993 4 0 6359
28052 5 14 9781
28141 18 5 5995
28441 8 17 6363
28946 19 17 4354
29062 8 16 8755
29384 6 14 7238
29398 18 3 9181
29848 19 5 7980
30190 18 17 2470
30554 12 5 5062
31057 5 10 9217
31213 13 1 8671
31480 7 10 3949
31829 0 8 2843
20775 6 15 8792
21369 7 1 847
21875 16 11 7688
21905 1 9 6732
22412 17 0 8939
22696 19 0 8932
22746 7 11 2245
22781 12 7 1037
22934 14 9 3478
23488 17 19 5946
23963 3 17 6844
24382 0 3 1762
24719 8 18 2880
24770 4 15 4714
24802 11 8 5371
25262 12 13 7075
25641 9 1 6569
26207 12 13 2534
26395 3 11 8068
26615 5 0 939
26899 7 4 5601
27317 13 14 7366
27333 15 16 4272
27621 14 3 968
27873 15 3 9434
28223 2 7 4864
28747 2 17 3690
28863 17 2 4393
28959 0 4 3236
29199 16 17 2179
29771 7 15 2226
29821 4 2 8576
30362 2 19 880
30765 8 18 6729
31312 14 1 2224
31424 18 0 5036
31782 12 10 6061
32042 15 14 3355
32498 18 9 2105
32966 3 8 3382
21528 19 13 8005
21988 13 2 1263
22143 19 16 8816
22607 7 1 5325
22874 0 8 9343
22881 8 17 7924
23004 15 6 6845
23061 1 6 7024
23439 1 11 1085
23947 1 12 3106
24189 18 0 2870
24705 6 8 4332
25039 16 13 7425
25528 7 15 3366
25976 14 8 8365
26233 6 9 1529
26376 13 2 8461
26970 19 7 2038
27097 11 14 9863
27126 0 14 921
27499 8 5 5346
27599 5 15 8148
27741 19 5 7302
28179 10 16 4499
28425 5 4 7862
28928 0 6 5168
28966 5 16 3829
29138 15 9 4689
29511 4 14 6228
29584 19 10 3378
29674 15 12 1661
29978 0 18 7099
30203 12 14 7770
30548 18 14 8669
30661 18 1 3130
30882 1 8 5300
31044 13 12 3519
31046 11 5 4950
31555 4 18 2402
31777 4 6 973
21765 10 12 5504
22089 15 14 5437
22374 11 16 6657
22623 3 18 195
23205 0 3 7639
23277 1 18 292
23799 7 9 3121
23862 0 11 9857
24404 7 15 7509
24510 14 12 6614
25068 8 10 2473
25635 1 8 4028
25844 10 9 1327
26161 14 3 8089
26492 0 15 1003
26820 14 15 9466
27013 9 16 4378
27520 16 10 4192
27914 19 12 4651
28494 7 8 211
29082 13 18 9675
29210 3 17 476
29241 3 15 3529
29634 15 14 4981
30153 4 5 3557
30739 10 19 1550
30988 16 12 2657
31271 11 2 8995
31845 16 11 1846
32265 11 14 8027
32378 4 17 6169
32970 18 15 2890
33169 13 15 4642
33538 3 14 6415
33768 13 19 4627
33933 14 9 3151
34295 11 8 867
34448 3 1 2749
35034 17 7 7225
35477 9 3 2827
22267 4 19 1279
22811 19 3 427
23064 17 4 5673
23551 14 13 5462
23735 11 5 5654
23797 2 11 4587
24151 13 8 7748
24690 10 1 1229
24745 5 7 6799
24886 9 15 7181
25414 16 17 5219
25892 8 5 8254
26344 3 15 4151
26699 1 10 5021
26899 0 6 3263
27467 8 1 3317
27609 6 13 6576
27673 5 18 994
27935 11 9 3741
28007 0 14 7285
28167 2 15 4839
28519 19 1 2020
28641 5 10 8918
29003 1 18 8431
29230 3 9 9771
29254 19 8 2974
29673 10 16 8208
30105 8 1 9935
30603 14 17 8358
31109 0 4 969
31462 7 19 955
31806 2 18 8164
32145 9 16 5520
32182 5 3 9165
32344 18 9 9648
32708 17 4 1796
33038 17 3 5186
33224 19 1 1824
33669 14 11 4617
33975 16 1 9404
22851 16 13 4828
23256 9 1 1548
23674 11 6 6896
23759 2 4 8767
23862 4 3 4976
24035 13 16 4608
24567 19 17 3606
25092 18 17 7528
25318 3 16 686
25861 8 0 9928
26027 3 16 2212
26263 12 7 4364
26678 4 12 5983
27125 17 13 759
27152 9 0 4951
27154 3 8 7068
27516 7 3 2296
27833 10 14 409
27838 14 0 5615
28132 8 14 1099
28297 8 16 1000
28839 8 6 7227
29436 18 6 8701
30007 19 18 8271
30607 12 13 5838
30863 2 12 2438
31370 0 3 5917
31955 11 14 3976
32067 0 2 1696
32339 9 0 5383
32475 14 3 7767
32954 7 9 4621
33190 15 11 1121
33731 4 8 7903
33886 14 5 5911
34070 4 16 2757
34622 5 18 2822
34862 14 18 4241
35459 5 17 9176
35725 11 16 333
23449 10 19 1674
23870 16 9 185
24121 12 14 7020
24662 16 3 7951
25226 19 17 9594
25492 17 1 5783
25827 13 8 885
26322 18 8 4898
26616 18 13 8454
27043 6 11 4481
27098 8 19 3067
27127 17 10 2237
27464 7 17 7292
27853 17 13 8578
28263 2 11 3908
28739 6 1 9339
28978 13 7 7077
29114 8 19 7868
29542 8 1 5887
29934 14 5 7380
30210 0 13 4078
30219 10 13 8506
30223 11 3 4472
30733 5 13 3509
30814 5 15 8170
31199 1 17 2846
31369 18 8 8944
31526 19 11 6712
31972 13 5 1958
32403 7 6 9337
32442 11 4 3691
32536 13 15 6451
32789 4 7 8463
33347 4 19 4138
33828 14 0 9617
34277 8 13 5713
34658 3 4 5584
34846 6 17 9623
35033 4 6 4807
35316 19 7 9910
24479 5 6 8926
24499 9 10 4625
24585 5 11 6427
25079 12 17 6174
25634 1 6 914
26154 8 18 3085
26453 19 11 7607
27004 11 18 5902
27065 4 14 2852
27098 0 16 6126
27554 8 9 9615
28089 10 16 2902
28564 10 17 3705
28886 4 0 6034
29036 19 12 4240
29157 9 0 1037
29164 19 0 6539
29351 9 6 3105
29737 16 17 3865
29940 11 5 7076
30364 14 4 5368
30589 8 13 7266
31176 7 10 3098
31204 14 16 1457
31348 6 17 8043
31361 13 10 4452
31669 16 0 6759
32170 0 18 7152
32371 4 12 5572
32390 2 10 4298
32739 2 8 1926
32867 4 1 1026
33186 0 10 3228
33615 4 0 2610
34045 15 13 7487
34152 12 14 8344
34503 11 9 3238
34564 8 17 8816
35118 3 8 793
35656 9 16 5493
24668 11 19 5432
25252 3 7 4209
25693 13 2 3548
25741 14 8 6190
26102 19 13 2633
26131 17 2 821
26662 16 19 5158
27141 18 19 2544
27390 9 8 2940
27426 14 5 8210
27944 14 9 4299
27988 17 15 6060
28395 13 10 910
28797 2 5 2442
29374 8 17 5103
29725 15 5 2057
29910 18 14 6286
30157 8 6 4537
30158 17 3 570
30706 14 19 1715
31125 3 16 6876
31393 1 18 6011
31762 17 16 1122
31994 15 11 6411
32131 4 12 9051
32627 15 19 710
33075 2 6 7690
33170 12 7 1613
33518 0 19 1272
33625 3 10 6635
34027 10 12 6235
34491 13 5 9211
34665 12 16 321
34930 2 15 7129
35417 17 10 7725
35815 8 16 2781
36334 9 2 2057
36898 5 14 2150
37123 15 2 1853
37137 16 5 5164
25391 13 11 8475
25737 10 11 3032
26003 17 14 1443
26530 7 8 4228
26620 6 17 6790
26861 9 7 3328
26892 17 15 3485
26998 18 11 6773
27105 7 13 6536
27558 11 15 5681
27837 12 8 6456
28400 9 14 750
28751 6 5 9283
29100 11 5 4058
29238 1 15 8751
29817 19 11 4393
30159 15 16 5090
30361 8 9 4738
30876 19 1 5666
31052 14 7 1047
31086 5 12 7120
31478 0 14 5644
31630 8 12 1487
32192 5 8 3156
32225 13 5 7565
32502 10 12 8182
32817 3 2 5032
33351 7 2 3733
33494 0 5 1236
33929 12 6 9194
34102 3 13 661
34143 10 14 8127
34646 8 18 9859
34922 15 3 3546
34934 7 11 9638
35409 19 8 4219
35865 4 2 1525
36328 3 9 8741
36419 17 3 3253
36834 10 19 9921
26358 9 3 5861
26501 6 11 9072
27025 3 19 8015
27196 6 13 4969
27294 5 1 8545
27528 3 14 8837
27932 9 1 2491
28443 6 11 5648
28562 17 15 874
29109 0 4 5428
29660 18 1 3599
30128 4 2 389
30609 14 7 6791
31155 16 3 5417
31349 0 17 7711
31624 10 13 7593
31754 6 5 4457
32281 5 3 344
32644 19 15 3586
33242 14 0 8039
33585 0 19 455
33909 7 0 8005
34308 7 0 4200
34611 10 18 4502
34845 2 3 4538
35278 19 5 7519
35551 18 13 9364
35827 15 8 4448
36101 15 14 9680
36514 6 5 9215
37004 3 8 6690
37224 11 10 1947
37250 3 1 3404
37339 14 19 4014
37390 12 8 9020
37476 8 14 6838
37488 9 10 9916
37597 17 2 8033
37657 16 7 1705
37803 4 3 2622
26813 15 16 2714
27215 10 3 5052
27774 12 9 6978
27784 10 19 1429
28316 8 0 1806
28740 19 0 7766
28876 14 12 9879
29057 4 6 6933
29220 19 2 8115
29373 10 9 6352
29463 3 2 831
29695 8 17 4305
29940 1 12 4335
30487 16 4 3529
30978 11 1 18
31273 14 8 5242
31592 18 6 2992
31860 6 15 1083
31867 14 16 7213
32256 10 9 7981
32712 6 7 2194
33135 7 15 8478
33321 3 8 2861
33409 17 13 2472
33970 11 19 932
34030 0 8 1181
34487 17 19 460
34940 4 10 4578
35501 19 13 5
35851 14 2 9565
36290 7 14 4671
36869 17 19 2975
37138 11 9 3199
37671 13 18 8245
38133 6 18 4509
38147 16 13 8921
38410 3 7 6168
38934 7 13 6234
39211 7 0 3753
39629 11 18 8664
27540 10 19 1038
27847 12 7 700
27850 7 4 1709
27874 8 18 1078
28240 0 15 2314
28803 6 11 1053
28812 1 15 3939
29300 13 2 9183
29823 8 1 8682
30211 16 12 1817
30637 7 4 2820
31193 19 13 8900
31214 0 12 5894
31650 1 12 4293
31901 5 2 9204
32066 12 5 1481
32630 9 12 764
33093 4 14 4590
33466 19 10 8921
33779 7 5 5450
34338 9 8 668
34862 10 8 4855
35176 8 6 2667
35540 3 4 463
35775 3 14 8663
35775 9 10 1370
36101 1 9 314
36361 4 14 4162
36479 7 16 3593
37038 4 1 946
37161 16 14 6814
37614 9 2 5567
38008 7 0 102
38147 14 15 7384
38679 10 13 6416
38803 17 8 7786
38827 2 15 2477
38948 10 0 6412
39056 10 15 6864
39158 13 12 4960
27903 16 12 6833
28008 6 15 4830
28018 11 3 2680
28344 3 10 4803
28584 17 2 8952
28944 9 4 9836
29397 1 15 8804
29662 8 9 8738
29877 10 6 8063
30428 14 1 3580
30564 11 15 5828
30632 15 8 3301
31039 19 18 7572
31588 4 10 185
31629 8 14 999
32158 9 13 3631
32175 8 13 2958
32241 13 15 5947
32433 1 3 9077
32713 15 5 4232
33254 14 3 1937
33746 3 17 6360
33960 7 5 2474
34319 11 16 8378
34442 7 4 3027
34847 5 16 6377
34858 12 11 4791
35446 13 3 5073
35764 7 15 6383
35798 15 1 5389
36143 15 19 9371
36690 9 5 2232
36810 16 18 1225
37107 1 18 5019
37606 1 19 7416
38160 16 12 9773
38513 4 18 3624
38765 13 14 2254
38821 11 8 1391
39209 12 13 450
28481 5 3 2200
28784 5 16 4536
29257 1 7 9648
29732 1 14 7722
30133 13 10 4698
30607 9 8 9656
30942 2 13 7557
31438 6 8 5603
31515 4 8 3427
31926 12 10 8153
32478 11 2 616
32853 5 13 8771
33256 18 2 4338
33523 10 8 5446
34096 1 9 1269
34452 9 4 4559
34955 8 15 2555
35409 13 19 4597
36007 1 17 7959
36168 2 11 9321
36547 8 9 7440
36942 2 13 1685
36950 7 13 879
37365 3 19 1967
37955 2 5 2553
38007 15 0 9788
38074 6 14 909
38420 19 3 8074
38627 15 3 8662
38684 17 14 690
38704 6 10 3908
38774 8 14 9394
38898 10 2 5765
38993 9 1 4759
39248 8 1 607
39742 4 6 3452
40205 1 5 2828
40298 11 15 6303
40366 9 18 1032
40877 11 17 4688
29302 7 19 3022
29419 3 12 240
29811 7 15 3993
30071 1 9 9020
30281 8 5 4408
30429 9 1 4493
30648 11 3 9034
31245 7 13 5278
31674 6 7 5548
31711 19 0 7782
32193 4 6 2794
32448 14 18 448
32796 14 11 3645
33235 6 3 7951
33775 7 10 1096
34173 8 2 9713
34422 10 2 1308
34941 11 5 2866
35119 17 8 1129
35383 19 2 3368
35664 0 5 6491
36245 2 1 4620
36629 18 19 6472
36944 11 16 1982
37153 6 5 7351
37172 6 8 6765
37270 10 5 151
37741 1 8 6819
38112 4 1 3707
38703 8 19 972
38792 16 0 7281
38962 2 4 6287
39293 0 10 3294
39611 14 7 1400
39869 5 18 6870
40364 17 4 6780
40734 16 13 6016
41046 2 4 1833
41152 12 3 2960
41699 10 0 6849
29427 10 6 5535
29709 9 8 6599
30015 3 13 7218
30107 2 16 7740
30608 13 4 2824
30749 4 9 7733
31276 15 7 3540
31768 8 18 3244
31915 11 14 3377
32267 3 11 1039
32801 19 14 9389
33283 6 1 4633
33700 5 3 9312
34244 2 19 1517
34662 9 18 1302
35189 15 11 995
35371 8 2 1009
35747 5 13 2802
35928 6 12 6943
35950 7 6 3726
36297 18 19 5365
36595 14 10 2545
37057 5 2 6387
37348 14 17 1610
37849 5 14 1745
38139 0 6 7716
38279 14 4 5173
38833 13 2 7252
39018 10 13 4358
39579 8 18 3095
40111 13 11 6476
40426 13 3 410
40578 19 9 1144
40704 0 16 4361
40740 3 10 5649
41330 9 0 4533
41831 18 7 263
42235 19 4 7696
42673 4 1 6697
43116 11 16 1404
30326 12 5 9847
30900 19 12 1743
31227 9 13 9709
31651 10 4 9583
32133 1 9 9569
32196 9 14 7951
32468 10 19 9062
32662 4 18 1161
32687 10 11 8111
32739 17 5 1539
32924 1 17 5228
33255 7 5 1425
33652 15 10 7927
33828 17 7 9424
34328 17 16 8862
34651 10 18 2727
35016 9 12 3296
35258 9 15 3858
35648 11 13 3845
36010 8 7 6042
36591 9 7 4509
37191 5 2 2989
37414 6 16 8286
37822 15 7 6301
38343 19 14 2218
38855 2 8 1262
38971 19 4 1809
39070 7 17 9925
39429 10 4 6204
39959 6 10 5836
40155 10 19 2396
40532 15 10 7844
41095 12 17 5990
41432 9 15 3167
41902 18 7 9719
42460 6 1 4078
42721 10 9 2696
43203 7 13 8935
43722 17 12 2002
43859 3 7 8785
31081 12 4 148
31516 7 2 9525
31891 4 10 8290
32226 18 4 6380
32374 13 0 4872
32922 18 12 2031
32989 8 17 5832
33027 0 10 8809
33565 5 7 5824
34134 0 17 3911
34486 11 19 3671
34631 17 4 7120
35071 1 5 121
35307 18 12 9379
35612 18 2 6316
35972 10 15 5511
36086 8 4 1011
36268 16 11 3735
36751 14 5 5656
36865 12 17 2453
37354 1 0 9397
37549 19 15 2380
37897 16 1 2655
38350 13 15 7101
38364 9 0 6007
38954 6 18 804
39225 3 14 4087
39694 3 16 3738
39882 10 18 7754
40367 2 4 4402
40585 14 8 9279
40789 10 4 9680
41340 15 18 1803
41481 15 18 8112
41911 9 5 297
42503 6 1 6337
43103 8 6 5583
43476 3 9 9480
43665 4 16 2659
43782 18 10 405
31583 1 19 8286
32113 14 6 3342
32184 12 9 7330
32543 9 2 7294
32765 6 14 2303
33024 5 0 4741
33206 12 15 1799
33598 18 17 2860
34054 12 14 3030
34143 5 18 2850
34388 9 15 7180
34571 11 9 622
34716 12 13 1498
35078 5 14 3190
35108 2 12 4433
35531 6 12 1521
36048 11 19 4859
36574 8 16 5252
36615 7 5 1017
37174 16 18 4341
37735 15 18 2794
38055 0 18 3841
38095 13 4 6331
38384 18 3 6600
38472 3 5 4397
38581 3 18 7099
39051 16 9 5410
39081 7 4 5129
39087 16 10 2302
39142 6 15 1349
39326 18 14 6651
39644 15 13 3453
39766 13 5 1458
40154 19 0 4918
40168 13 9 2256
40301 6 18 2819
40619 18 11 5890
40685 1 19 1950
40697 9 19 3466
40941 16 5 5539
32383 18 16 5299
32889 5 18 6153
33340 8 6 7939
33519 4 1 9580
33565 8 18 9066
33870 10 15 252
34397 11 3 3923
34471 11 16 4094
34765 10 5 8665
34835 15 5 2930
35028 8 1 5424
35367 12 16 6692
35544 12 3 8336
36030 2 7 5899
36238 0 9 1325
36701 18 15 8691
37250 15 8 5358
37528 14 19 2721
37910 4 14 6047
38056 6 13 8896
38426 2 8 5853
38820 19 5 4237
39024 8 13 6178
39310 8 16 2868
39838 13 8 1020
40156 4 8 1677
40353 10 12 2657
40624 3 7 6010
41064 18 0 5310
41075 0 10 7819
41527 8 13 5046
41816 12 3 2745
42317 9 8 421
42653 2 8 7727
42685 15 1 4781
42828 10 2 7417
43371 6 7 905
43390 0 15 3032
43539 0 14 7414
43786 2 18 1947
32945 12 0 7503
33264 17 6 9079
33607 17 6 899
33977 13 9 5727
34396 15 19 8652
34620 18 13 5794
34783 12 13 3486
35121 19 1 1959
35661 6 18 4080
35967 19 7 1233
36183 11 3 2743
36273 17 3 3493
36647 11 16 1265
37217 19 1 9799
37639 13 15 3669
37868 13 12 124
38366 0 4 5500
38796 18 7 2960
38911 9 3 653
39105 2 11 3330
39705 19 8 2037
39719 8 10 7810
39794 0 15 412
40068 2 4 7436
40334 16 10 5443
40686 15 3 7557
41035 8 7 1125
41149 13 9 1969
41319 1 5 4906
41329 9 17 2859
41767 8 6 3036
41780 18 4 5331
42326 13 3 9614
42633 2 17 5358
43052 18 10 290
43602 7 4 5225
43661 15 12 2266
44037 6 5 9070
44369 1 12 3315
44934 17 0 6872
33326 12 3 5802
33765 3 11 7464
34200 4 18 8291
34691 10 16 3906
34736 11 18 3927
34875 16 11 4629
35283 13 14 3056
35575 5 7 3315
35596 1 2 6776
35667 9 12 4009
36049 11 19 1043
36188 18 1 1933
36382 5 4 72
36693 16 3 6081
37018 19 10 5677
37317 6 9 2453
37443 8 1 7858
37652 11 5 9399
37876 19 17 1252
38109 9 16 4866
38187 1 14 1172
38297 9 13 6019
38527 2 7 649
38607 15 5 2082
38660 3 14 7033
38800 13 5 7049
39246 4 2 3413
39735 0 5 8094
40225 11 1 9957
40649 1 18 4412
40776 15 9 3029
41229 17 11 6314
41589 15 16 63
42187 4 0 1975
42643 18 7 1306
43210 6 8 4472
43275 6 3 30
43521 15 6 5020
44103 17 18 2481
44185 14 18 2072
34112 19 9 3117
34381 3 4 5584
34873 6 8 9997
35092 17 2 7950
35583 10 2 3946
36031 5 1 5871
36472 5 2 6881
36635 3 15 8848
36707 8 2 2315
37284 14 9 6721
37770 19 13 7297
38059 2 8 5799
38658 7 6 9178
39206 12 5 3803
39659 11 7 9277
39985 15 2 7674
40066 6 12 9074
40450 7 1 6194
40706 13 12 650
40740 11 17 847
41070 10 3 251
41413 15 3 7398
41640 6 4 4132
41946 12 17 2934
42508 5 16 1318
42772 3 13 8326
42998 4 19 899
43106 13 4 2585
43554 8 2 13
43602 12 5 9030
43732 16 7 7030
44082 19 6 3396
44223 15 1 6913
44263 4 2 4518
44704 11 0 561
44854 14 10 8476
44899 16 11 186
45300 12 11 4066
45755 2 9 2179
45762 2 4 6585
34387 13 6 9438
34944 0 3 7477
35527 11 2 8272
35611 10 11 2805
36022 0 4 9596
36459 3 15 3505
36895 2 0 4905
37076 8 5 8838
37236 18 10 5174
37686 14 10 4435
37927 10 19 9483
37995 3 14 2625
38542 14 3 6541
39068 1 14 3698
39553 4 9 5217
40064 17 1 8460
40145 7 17 2116
40361 16 11 5034
40371 3 9 6946
40850 2 7 9680
40927 14 10 2685
41026 8 18 8470
41455 7 9 107
42020 11 13 4987
42138 14 8 530
42655 1 14 2465
42874 14 19 3858
43338 0 7 5948
43810 11 6 4269
44000 5 2 4850
44119 17 1 3140
44503 6 0 5406
44555 3 12 3180
44893 9 17 1008
44949 13 10 3864
45268 7 12 8462
45577 3 15 7544
46113 17 18 5539
46596 1 0 8919
47080 3 1 1315
35389 5 17 9537
35400 5 4 2707
35443 9 8 9980
35546 19 6 8196
35961 19 2 7568
36526 5 17 1840
37025 0 3 6983
37330 19 0 306
37813 5 0 1246
38217 12 2 3568
38702 11 2 6430
39116 8 18 5621
39273 8 11 5034
39661 9 10 8288
40097 6 14 8851
40574 8 4 1724
40656 12 7 3394
40684 13 1 3349
41136 18 14 3110
41413 16 7 4859
41628 10 14 6779
41953 6 12 9224
42148 12 4 9982
42690 5 0 5352
43157 13 0 51
43343 1 12 9322
43870 6 1 550
44272 16 11 3783
44393 6 15 5783
44609 9 19 5601
44970 5 17 4968
45346 14 4 2545
45816 2 10 6066
45882 11 15 1810
46466 5 18 5171
46798 7 19 4993
47026 6 5 7397
47407 17 2 4324
47485 4 16 4436
47819 1 13 3630
35852 16 1 7912
36416 19 2 3013
36689 12 17 1069
36689 8 11 9706
37088 13 4 130
37375 19 5 5922
37527 2 8 9941
37887 13 3 4738
38286 10 16 2795
38298 18 15 6368
38724 8 4 9980
38770 4 0 7143
39334 19 2 2003
39458 14 17 3540
39549 4 14 1061
39655 17 3 3628
40226 13 19 4951
40719 15 4 1925
41165 5 19 1948
41655 13 3 7846
42227 16 9 2444
42811 0 14 2388
43040 17 12 5010
43634 9 4 3372
44209 8 2 1294
44450 0 11 2331
44471 6 9 8865
44527 1 4 7760
44835 14 11 3653
44836 2 0 5617
44863 0 2 8270
45053 14 11 6718
45099 1 17 5377
45381 1 6 3221
45862 3 4 7771
45992 10 2 8843
46545 14 18 2691
46898 8 17 7728
47470 11 16 9834
47609 10 19 6422
36142 16 9 7128
36228 8 9 3768
36540 6 12 5584
37087 2 8 2013
37144 16 2 2680
37227 12 17 9111
37576 8 2 3914
38008 1 11 7043
38396 10 17 9580
38699 18 19 4984
38831 9 10 7044
38898 1 19 5829
39342 4 0 4915
39578 14 19 2073
39848 4 11 7393
40395 16 14 8914
40802 6 17 6386
40881 8 9 8603
40895 7 10 3641
41452 15 5 8047
41671 13 9 8601
41934 11 4 9072
42095 1 11 2414
42353 7 8 7331
42676 3 10 9671
43064 17 8 9870
43398 18 0 1175
43727 2 6 8956
43885 9 14 4245
44471 7 18 6995
44921 11 15 6759
45229 18 10 3996
45512 4 15 9797
45717 5 0 217
45981 3 9 5475
46360 17 15 7643
46834 16 5 9726
46993 2 9 4165
47009 17 8 2068
47175 0 14 5954
36966 6 8 7544
37183 18 2 990
37766 12 18 9437
37843 18 16 1968
38373 10 2 9060
38878 10 11 8533
38990 1 3 8698
39107 19 18 6879
39701 12 1 2476
40207 19 4 1079
40288 1 19 1577
40559 7 0 4585
41101 10 8 7951
41161 13 6 8846
41741 2 5 9195
42325 15 3 8367
42461 6 17 1227
42734 9 2 3407
42920 12 17 8561
42978 12 16 8247
43317 14 3 1821
43363 11 6 9908
43557 14 15 6367
43865 16 7 3206
44147 1 12 2520
44391 17 16 2301
44773 16 2 6952
45288 13 12 6071
45440 16 4 7001
45912 13 19 6568
46504 1 4 3324
47000 0 1 6066
47140 0 13 2719
47250 1 6 2340
47399 16 8 5587
47550 10 12 4580
48040 13 3 4436
48124 15 18 4948
48270 11 1 3341
48270 0 2 9122
37512 7 3 8679
37708 14 6 5449
38287 15 8 3083
38744 19 7 1470
38833 2 13 2370
39227 14 7 3306
39666 14 16 2843
40131 2 6 9776
40523 8 10 3147
40916 14 1 6784
41069 10 1 8106
41204 2 6 3882
41565 11 16 6685
41807 13 11 5561
42121 10 4 4042
42506 17 13 4286
42515 13 4 3488
42944 1 5 5192
43530 14 16 5680
43530 10 3 8355
44034 17 2 4089
44205 9 1 3898
44667 5 13 7392
44683 9 6 3213
44726 6 16 3988
44836 13 1 7064
44894 4 15 4025
45272 8 5 1693
45411 5 11 8384
45473 2 17 6809
45621 3 6 5534
45682 10 2 8379
45856 11 9 2183
46213 5 9 9311
46613 11 12 5216
47195 6 1 5862
47589 13 1 3686
48001 17 5 4690
48314 0 8 6942
48833 1 2 5102
38034 14 7 5506
38473 11 18 9382
38495 6 7 4125
38699 16 5 6009
39228 18 3 9657
39769 11 5 1814
39998 16 13 3121
40200 0 12 6262
40590 9 2 6134
40819 3 17 9299
41090 10 16 227
41283 3 18 6257
41529 16 13 2568
41794 19 18 3807
42280 18 5 6670
42554 9 17 8287
42596 12 17 3697
42604 9 8 8257
43016 18 0 9206
43037 2 4 2515
43178 1 0 2452
43689 19 1 8939
44120 10 4 5451
44667 12 19 1041
44740 2 12 8196
45128 13 10 5605
45168 0 9 5264
45178 12 2 1149
45254 3 4 1160
45798 11 7 4682
45849 9 13 5478
46231 12 5 2498
46315 1 16 7585
46490 16 13 8835
47060 0 18 9228
47122 13 14 627
47643 19 2 7108
47871 7 6 2653
48445 5 14 9943
48640 0 16 3392
38990 6 8 121
39479 13 7 1990
40068 1 6 9921
40574 7 0 5325
40852 17 5 4128
41426 12 1 8165
42024 16 2 9304
42228 15 4 6851
42607 3 1 4159
42786 6 3 4570
42882 11 8 6218
43083 5 6 944
43566 6 5 8425
43615 5 12 4655
44186 8 17 4451
44712 9 4 9117
44797 18 1 1833
45058 6 9 5558
45533 5 1 1983
45922 10 8 2666
46372 11 5 2848
46659 2 17 1186
46852 4 9 6652
47438 6 19 6637
47659 13 15 7626
48216 2 11 7444
48731 16 3 2916
48741 1 18 3353
49269 7 14 310
49503 15 2 5228
49537 1 5 4667
50094 5 17 6014
50664 12 3 4290
51122 11 9 2109
51543 9 2 4052
51593 12 15 3765
52189 18 3 5067
52557 4 18 5527
52918 17 11 3784
53164 4 15 6287
39292 1 8 2360
39885 13 7 8286
40275 14 18 6964
40740 6 4 5465
41042 5 1 1343
41407 0 10 9848
41939 15 11 117
42307 16 14 3661
42666 1 5 7219
43256 15 3 9187
43806 4 5 9472
44367 2 6 3467
44428 7 15 9588
44498 8 2 4107
44705 8 5 2751
45282 5 6 4388
45572 13 7 7038
46029 0 3 8827
46155 19 15 1160
46294 18 1 3089
46479 11 8 8291
46985 16 14 9997
47452 6 4 31
47912 16 17 5742
48339 12 2 6418
48340 10 12 136
48631 18 14 9340
48719 17 0 7024
48838 1 2 8247
49246 19 7 2094
49309 9 14 9975
49621 17 7 4068
49886 13 9 428
50388 5 11 3298
50478 5 4 6204
50654 17 2 9613
51148 1 14 8876
51160 13 19 7524
51662 17 19 6954
51952 18 4 1267
39739 6 3 338
39867 0 4 1857
40007 1 16 2253
40461 16 6 7128
40915 16 2 1485
41065 9 10 7350
41592 2 18 2721
42081 1 12 3630
42411 3 14 5290
42777 14 1 9223
43315 10 8 4926
43648 17 15 5232
44233 18 14 9023
44708 6 3 474
44758 16 10 5051
45162 11 12 1090
45303 19 8 4904
45481 8 11 3630
45736 5 13 1019
45981 3 1 2960
46568 15 3 5228
46935 10 0 7361
47491 9 5 2025
47560 5 6 7006
47610 11 18 8196
47733 8 4 1322
48300 5 3 1559
48859 9 4 9856
49081 11 4 9672
49486 11 19 5434
49899 16 11 4370
50156 0 16 3686
50404 1 4 7110
50944 16 18 8189
51045 6 4 3277
51499 19 2 6726
52089 15 7 1700
52556 3 2 5674
52819 6 4 7395
53173 7 17 8369
40428 12 17 2001
40781 19 17 6555
41206 2 6 2896
41555 7 16 5505
41611 15 17 637
41743 6 0 1029
42197 11 18 7293
42307 13 2 1244
42340 19 0 1370
42746 15 11 7181
43339 6 7 1392
43356 10 14 1443
43506 15 10 9394
43895 4 3 8504
43957 17 8 8641
44275 7 18 7900
44657 12 8 7762
45253 10 4 9851
45395 10 5 8040
45824 13 7 9288
45862 8 0 1331
46018 15 0 6664
46201 7 6 3187
46775 4 14 2431
47341 11 15 3819
47377 10 17 5170
47558 5 8 6150
48057 15 8 9564
48273 11 16 5371
48354 19 1 8239
48794 2 5 1588
49277 6 18 1354
49706 16 11 675
49999 10 9 9135
50289 18 17 6964
50404 19 9 2815
50933 9 6 5714
51266 7 12 8384
51320 7 0 5292
51656 15 1 4426
40804 17 10 6638
40922 6 14 7786
41166 19 12 3686
41486 18 3 787
41853 17 4 7143
42054 10 11 1287
42488 14 5 5555
42971 18 10 2063
43269 6 9 7076
43607 11 7 6910
43627 10 19 2949
43832 11 9 7000
43898 16 12 3995
44143 3 15 5326
44390 18 17 6334
44672 15 5 3978
44730 15 0 6182
45108 5 17 4833
45563 12 19 5595
45902 9 8 5592
46027 5 10 9616
46032 18 5 7116
46416 19 0 3795
46829 3 6 1456
47390 6 10 6863
47939 2 7 7082
48091 17 19 8532
48312 19 3 5436
48605 2 9 5936
49033 9 0 7937
49371 17 9 6258
49939 4 17 8731
50363 17 5 4058
50760 12 11 9645
51228 1 16 4743
51392 9 7 6033
51745 3 16 5707
51920 15 5 2677
52462 15 5 7690
52841 16 5 6817
41890 17 18 4262
42058 3 0 3624
42579 12 10 4906
42676 5 15 1080
42931 8 3 7167
43225 6 9 350
43685 7 2 5029
43738 10 12 3418
43763 7 3 4395
44363 1 16 3515
44936 10 16 372
45428 1 10 2817
45505 12 2 7097
45988 17 0 5658
46229 6 4 5323
46397 15 18 1574
46579 12 8 8446
46727 5 3 6373
47019 11 6 2256
47283 6 10 1138
47590 1 6 8695
48073 15 8 1605
48388 12 14 7328
48552 6 15 5812
48808 16 4 8982
49387 13 16 3821
49953 11 10 8015
50225 8 11 6337
50783 18 11 2410
50923 12 10 5785
51501 7 17 3324
51703 10 18 3651
52245 7 18 6799
52376 4 14 132
52838 3 16 8033
53221 16 10 2506
53313 12 18 342
53394 6 11 8085
53799 16 10 6134
54264 15 6 7067
42163 2 11 2335
42505 14 18 4921
42715 9 0 9392
42911 6 8 827
43048 0 5 4367
43262 10 15 1527
43300 11 16 3555
43666 15 1 1288
44207 9 11 2117
44753 3 12 1890
44824 2 15 2374
45422 9 18 4301
45657 19 5 8023
45745 2 9 3483
45820 6 9 8183
46073 9 13 6119
46531 12 4 5183
47024 9 2 9443
47051 9 13 5948
47095 0 13 125
47432 15 4 698
47974 5 10 1371
48315 2 14 8959
48884 12 11 5975
49125 12 18 8594
49259 9 8 5372
49803 9 10 7741
50302 5 1 2296
50407 16 11 6532
50679 1 16 6786
51144 5 15 9559
51644 15 6 4121
51785 12 13 3531
52315 8 14 8241
52694 8 4 4009
53138 7 16 3862
53582 2 9 3282
54034 14 2 4626
54548 1 4 6696
54900 15 9 8215
43178 19 6 9674
43532 12 2 9391
44088 11 10 1267
44548 12 15 8687
44879 1 5 4601
45306 5 6 1592
45390 6 0 7534
45872 15 14 8228
46175 8 4 1833
46226 2 19 4877
46312 7 10 6958
46390 9 10 3201
46908 15 13 5998
47164 19 3 1988
47687 3 12 9833
48228 10 0 1447
48789 8 0 7920
48812 0 11 8456
48819 10 16 5991
49088 7 8 7680
49572 16 10 4919
49834 9 3 8989
50244 18 16 7850
50840 16 13 9928
51318 10 13 6817
51781 8 11 8822
52170 7 3 1421
52487 14 17 9023
53000 9 16 415
53526 16 11 6508
53924 15 7 4307
54404 3 13 9416
54572 10 15 8097
54658 1 14 4264
54983 4 18 9209
55144 11 13 4105
55235 9 18 8901
55546 18 11 8252
55762 17 14 7546
56077 10 3 6811
43706 10 11 2111
44254 14 17 7059
44611 13 0 7135
44662 11 10 1533
45204 2 19 9545
45573 12 4 5078
45925 0 4 4497
46385 17 10 5154
46465 10 9 7220
46587 7 10 3950
46707 2 6 9777
46861 8 0 3798
47036 2 17 2241
47266 16 1 5711
47496 19 14 346
47874 2 15 7180
48327 7 8 4772
48731 11 12 3361
49086 11 5 3051
49101 17 2 7017
49615 15 12 2311
49918 13 12 1523
49923 7 14 6784
50356 16 12 6897
50525 7 11 1253
50560 0 18 856
51041 6 13 3904
51319 3 14 183
51501 3 15 4737
51901 1 11 9836
52334 16 0 3760
52826 17 7 2590
53317 6 19 7080
53401 2 19 1677
53449 10 17 8907
53951 18 4 2471
54468 10 9 3439
54897 1 19 5286
55093 15 7 2074
55329 6 12 2884
44152 15 3 3338
44203 11 6 8164
44554 10 7 4018
45039 12 14 4551
45168 6 3 1041
45742 18 3 6868
46297 12 13 3088
46766 8 6 168
47238 6 15 8857
47598 13 19 2965
47923 16 3 3357
48415 5 19 4188
48876 0 5 296
49036 4 11 2833
49414 18 4 7429
49622 14 12 7283
49666 7 17 7179
49955 15 0 9472
50134 2 16 8977
50214 19 1 3716
50545 10 16 1556
50734 14 4 3314
51274 2 7 4705
51643 14 10 5965
52224 12 1 8731
52797 16 6 9007
53370 16 5 7774
53514 11 14 4845
54100 4 2 1516
54318 13 10 4285
54496 7 14 417
54751 3 13 4804
54757 11 4 9966
54992 6 2 1995
55430 5 2 7751
55618 3 12 2421
55750 16 7 6091
56205 17 4 450
56566 19 13 9312
57116 15 4 4372
44554 10 3 8554
45066 16 3 72
45568 14 15 4797
46044 3 1 4610
46622 11 18 3348
46695 16 12 1689
47003 1 4 7907
47382 14 17 2331
47814 8 9 7680
48032 10 12 7479
48621 11 13 4721
49053 19 9 2582
49478 11 10 1015
49540 5 17 7926
50049 13 3 5729
50383 0 1 6526
50824 0 16 8765
50997 12 7 2076
51222 14 18 6747
51679 9 16 2447
52180 19 11 125
52571 12 4 7178
52638 14 7 2550
52730 2 10 1462
53307 19 6 7445
53595 10 7 109
54019 0 4 6943
54141 5 16 548
54248 9 15 7136
54526 7 18 1930
54645 4 12 9903
54695 2 4 7450
54699 10 11 5281
54842 16 0 2825
55389 7 16 3013
55789 18 16 6233
55977 6 8 9151
56366 19 8 8647
56807 17 14 6760
56815 9 2 1928
45144 18 16 4553
45731 9 4 7483
45894 1 2 7456
46290 19 11 4872
46368 1 11 9235
46452 2 9 8795
46475 2 1 9022
46774 13 0 9706
46944 17 10 4406
47130 10 3 217
47614 17 4 4849
48095 10 0 1810
48601 1 9 2371
49013 8 18 9702
49609 3 7 4612
49697 7 8 7995
50061 9 16 8138
50645 7 2 8024
51125 17 5 9443
51491 10 3 7530
52054 19 1 6181
52406 7 6 8416
52522 14 13 2876
53018 11 12 8151
53231 12 15 8744
53478 5 9 7374
53751 19 1 4749
54264 18 1 8419
54399 2 17 8384
54974 0 4 2233
55244 10 6 4384
55396 1 16 588
55898 18 10 9380
56287 16 6 2153
56732 12 0 4548
57051 9 12 2193
57112 13 7 7931
57233 11 8 3921
57760 8 18 1329
58111 4 18 8150
46039 3 14 1698
46594 7 16 3969
46932 16 12 2377
46999 17 6 4112
47363 13 15 4699
47521 12 6 1351
47777 2 11 96
48187 13 10 4099
48204 15 11 3753
48260 15 2 272
48285 10 15 9632
48493 1 5 7142
48936 5 8 6234
49404 14 11 9339
49719 12 2 8360
49948 6 19 1430
50003 15 18 7455
50594 11 3 8075
50636 9 5 9380
51222 16 15 8829
51612 7 3 4760
51932 16 18 1287
52278 8 10 2110
52692 10 13 2280
52838 4 3 3321
52992 10 14 8410
53513 3 4 1684
54085 15 6 6211
54456 10 13 932
54911 8 1 1416
55148 9 15 1727
55368 13 2 1337
55409 10 13 4521
55989 14 1 3369
56256 11 13 1176
56520 1 0 3417
56991 18 6 1196
57242 7 16 721
57621 4 13 2004
58170 10 0 5363
46525 16 5 2559
46928 8 19 6873
46995 19 6 7198
47237 16 2 7708
47354 2 0 1507
47499 10 1 259
47787 8 11 3509
47968 11 17 9752
48156 17 10 9575
48295 0 18 3924
48798 1 3 5992
49394 15 5 6469
49910 16 11 1856
50234 11 14 1308
50434 9 3 6143
50533 5 15 1067
50613 10 3 6675
51188 6 8 9320
51647 7 8 344
51844 11 15 7273
52029 16 10 3540
52289 16 11 2282
52389 9 8 1905
52451 1 7 9561
52518 13 0 2927
53101 2 7 6145
53426 2 10 6513
53819 4 10 8614
53863 12 16 4708
54447 17 10 8930
54615 5 11 2843
54913 14 3 7436
55440 5 11 5362
55949 6 3 9794
55955 8 4 7081
56507 7 1 8775
56962 4 13 1416
57211 8 9 7993
57538 18 12 9721
57746 17 3 432
47004 14 10 8851
47578 18 5 1890
47667 6 1 5881
47857 10 17 9583
47996 0 3 3547
48345 7 16 797
48785 11 13 6098
49235 14 4 4066
49396 6 10 6814
49912 16 13 2380
50043 16 13 1930
50262 4 5 5205
50408 5 15 4531
50998 17 4 4501
51281 2 0 9454
51593 8 13 379
51949 13 0 4721
52033 5 15 6163
52240 1 18 2773
52316 12 1 9352
52887 16 6 8134
53259 1 7 4384
53700 4 15 5343
54233 13 18 1634
54821 2 18 1362
55121 10 4 1274
55313 1 15 2335
55699 3 5 7519
55701 8 0 9217
55750 11 16 770
56026 9 15 7366
56071 8 15 6811
56504 7 5 1321
56683 14 13 1713
57206 10 9 6979
57545 12 11 8787
58135 3 13 230
58320 15 17 7510
58714 6 7 1177
58843 0 11 4520
47571 13 0 1550
47760 14 13 7607
47783 16 3 5513
48299 19 4 6483
48640 7 10 700
48668 17 7 4477
48931 6 10 7179
49079 0 1 9356
49411 19 15 1133
49811 10 14 9172
50115 13 9 1051
50516 10 8 2380
50717 4 12 4760
50859 8 11 4497
50962 10 7 6810
50973 4 12 1395
51314 1 2 4090
51367 18 8 8309
51427 13 2 4982
51973 8 3 652
52135 18 11 2076
52158 2 5 5912
52306 15 4 1943
52517 7 4 2705
52627 6 14 3942
53001 8 1 7148
53493 19 13 6148
54002 10 4 7444
54354 17 4 5939
54913 5 3 724
55448 11 0 5108
55562 1 17 9009
55653 2 13 935
56107 15 14 9890
56164 11 6 3207
56340 5 16 9389
56772 17 2 136
56872 16 13 1966
57234 2 10 7523
57257 10 8 8362
48048 4 6 2092
48296 17 14 8997
48689 5 2 9391
48696 6 17 2716
49211 4 16 8291
49240 15 1 3884
49244 7 19 9078
49565 9 2 2328
49655 4 17 5439
49815 13 3 978
50289 10 2 5672
50501 15 10 9138
50511 8 5 5219
50637 6 10 15
51114 12 4 8509
51426 12 1 3238
51961 15 14 5481
52148 13 6 7782
52695 0 3 1914
52888 10 11 8162
53093 3 11 6965
53323 1 9 9432
53341 1 19 5217
53677 4 12 400
54193 13 18 7461
54366 11 10 4987
54892 4 9 3467
55411 19 16 2730
55787 6 0 9779
56245 3 11 681
56726 18 11 9942
57237 10 9 2231
57628 7 19 1917
57992 10 0 3990
58325 11 14 3985
58339 4 5 1594
58474 5 16 9673
58676 13 0 4739
59049 2 13 279
59296 17 7 4145
48857 14 12 7624
49178 4 10 2158
49272 12 14 6836
49532 5 0 6049
49760 1 9 9843
50206 14 12 8665
50483 5 2 6235
50808 7 0 8285
50883 6 8 7770
51171 16 11 8320
51309 18 19 1204
51831 14 3 3326
52187 3 1 2076
52775 18 13 9600
52805 4 11 8836
53236 12 8 2502
53290 6 3 3459
53311 10 4 5254
53773 9 7 1231
54243 0 13 4052
54319 14 6 1425
54383 5 9 7711
54864 9 3 1696
54904 18 11 7544
55054 11 5 7880
55467 19 3 9266
55695 14 0 1781
55915 16 8 2801
56297 2 7 6156
56316 0 18 8165
56857 11 4 1519
57139 19 3 3767
57377 16 12 2592
57840 17 16 8074
58346 19 16 9211
58642 1 15 1246
58724 6 18 1469
58952 3 11 9199
59034 6 7 3868
59038 9 5 8820
49602 19 5 7783
49879 7 19 6914
49896 14 0 3524
50247 1 0 3782
50292 16 11 7279
50799 0 14 7532
51347 15 10 7211
51634 8 11 4510
52220 3 13 6561
52427 19 3 6204
52779 17 7 8515
53346 15 19 1170
53829 0 11 5308
54178 0 6 8268
54198 9 1 1032
54349 3 16 7675
54385 4 8 258
54937 11 19 2001
55395 0 4 2109
55833 12 13 1602
56109 14 19 3622
56147 7 12 6077
56231 11 18 144
56674 12 3 5328
56898 8 2 9363
56919 18 14 5022
57339 6 8 1192
57784 13 12 462
57970 12 13 5772
58039 0 10 639
58389 5 13 2704
58603 11 15 2472
59028 12 6 7527
59092 11 14 6728
59328 12 7 8165
59433 3 10 6705
59934 14 16 2525
60117 0 1 4400
60504 8 7 3105
60875 9 4 7061
49989 16 0 3107
50180 12 8 3999
50455 4 2 8013
50709 8 0 6688
51062 7 4 7669
51105 15 19 9704
51133 0 1 5688
51363 17 7 1225
51461 19 18 940
51552 2 3 4407
51700 9 0 3577
52116 1 2 7974
52602 9 6 3890
52987 16 4 9206
53199 11 13 2782
53384 0 13 2154
53500 17 7 1525
53945 10 14 2209
54451 2 17 8277
54806 19 9 2380
55142 3 4 6519
55722 11 1 6672
56314 1 10 4612
56490 4 5 2958
56809 18 5 9722
56816 19 1 6761
57297 1 14 6954
57557 5 19 8228
57925 13 10 9384
58474 14 12 1316
58684 7 15 3947
59018 14 1 8625
59379 12 11 8100
59555 11 7 8582
59739 11 8 1343
59828 13 1 4083
59835 5 1 5688
59977 8 5 8077
59995 0 11 4533
60193 17 18 8494
50910 5 6 4463
51353 4 9 5475
51789 11 19 8325
52074 2 13 6741
52123 8 10 6326
52156 8 1 4480
52281 4 10 2301
52333 19 11 5871
52599 8 16 180
52681 16 15 5734
53062 4 16 4900
53130 1 9 9948
53502 11 4 7095
53700 19 13 2303
53952 18 19 7386
54267 15 17 8150
54666 2 19 9778
54956 14 17 2023
55480 2 19 8096
56039 1 5 2800
56263 18 4 541
56578 16 5 7604
56895 9 3 92
57431 13 1 3947
57592 19 4 1982
57953 2 16 7212
58221 6 7 78
58382 3 7 5765
58889 8 12 4267
58932 4 0 9186
59358 9 10 9919
59585 3 12 5298
60162 5 11 4739
60340 10 8 5158
60352 6 1 5738
60718 12 18 9125
60718 1 15 1000
60820 4 15 3183
60923 15 17 8035
61277 13 9 649
51176 17 2 5671
51326 15 0 1007
51833 1 15 9986
52420 14 11 3969
52684 1 9 5956
52886 19 8 5665
53117 16 5 9799
53182 4 12 5647
53421 8 14 4203
53778 7 3 6655
54018 4 9 1322
54512 2 6 8416
55032 9 17 6131
55309 19 5 8552
55629 16 6 3196
56030 19 1 8557
56343 2 12 5506
56486 3 6 3224
56510 14 11 9389
56645 1 4 1124
56929 12 19 3734
57012 4 16 4468
57512 18 0 3048
57973 5 17 8294
58279 17 11 5090
58330 19 3 3136
58533 11 1 1090
59106 13 1 5022
59563 10 1 4122
60112 0 14 9485
60245 6 17 4530
60642 15 3 7125
60792 14 18 4854
60896 11 12 5974
61292 3 10 2399
61678 4 16 5839
62166 19 12 9783
62466 18 1 8501
62548 5 0 6427
63081 0 12 2348
51754 15 2 7670
52212 7 10 2931
52577 15 11 428
52998 1 10 8198
53341 10 14 9304
53381 9 11 3753
53621 6 18 4926
53716 16 11 4657
54266 16 8 5763
54507 7 9 1274
54528 6 5 8709
54707 17 12 6102
54722 16 10 6344
55250 19 7 9653
55637 4 5 7344
55837 4 5 7
56326 7 1 9677
56564 11 17 8803
56973 18 12 8999
57464 14 6 7445
57472 6 9 4555
57873 14 19 9663
58072 16 14 85
58418 2 3 8936
58572 6 7 4259
59112 5 4 1171
59412 3 18 7660
59578 14 11 5242
59746 8 16 1159
59882 16 15 4862
60003 16 1 2337
60309 11 2 3417
60494 4 10 2979
60849 2 12 4602
61072 8 12 6643
61083 1 12 8605
61562 18 0 9003
61671 13 5 1656
61843 5 6 5559
62367 10 14 2407
52447 14 18 6381
53022 10 13 5461
53218 19 0 3023
53766 19 4 9612
54330 6 13 9568
54836 17 18 1534
54928 11 1 5685
55316 5 1 3017
55655 11 12 6678
55943 1 12 7147
56119 18 15 752
56404 0 13 6429
56946 5 15 1694
57514 1 0 3764
58010 2 10 4648
58017 13 9 2584
58453 16 18 2136
58660 2 3 3045
58786 5 8 7657
58934 6 19 1404
59167 9 16 6048
59607 19 17 4776
60018 0 6 7239
60506 6 7 4317
60919 5 17 8399
61507 3 11 8596
62011 4 7 2570
62180 13 16 5988
62703 5 15 3321
62952 2 3 2211
63184 6 16 4162
63277 10 6 6462
63418 7 3 6268
63495 5 19 9050
63968 3 12 4776
64230 3 1 8824
64233 18 16 1215
64269 10 18 1866
64452 4 19 7614
64522 11 9 5454
53369 2 16 4938
53677 13 19 9148
54066 1 13 2532
54300 15 9 7911
54525 3 18 1942
55109 11 0 2098
55226 14 16 8876
55322 16 0 1258
55449 9 15 4213
55459 17 14 1976
55640 4 11 4494
56029 1 16 8161
56529 17 4 3488
56856 13 19 5025
57269 16 1 560
57565 14 9 4140
58156 15 0 5584
58582 3 12 2235
58956 9 5 9848
59453 7 4 6591
59466 3 2 5097
59787 3 13 2657
60055 3 12 8849
60079 2 14 7954
60266 14 1 385
60306 16 15 2059
60514 13 19 5336
61085 12 11 1405
61561 12 5 4436
62102 3 7 8470
62397 14 4 9210
62626 13 7 1434
62952 12 8 5307
63208 7 13 2715
63462 7 9 5259
63890 5 7 647
63912 17 4 8724
64456 18 16 6959
64932 18 1 5578
65212 1 2 7418
53467 4 11 7715
54065 16 13 9920
54214 14 18 8008
54571 19 12 6512
54660 7 3 8426
54939 6 18 1122
55380 15 11 3816
55411 13 12 5372
55927 16 2 6809
55963 15 16 6055
56155 4 9 9041
56651 11 17 8045
56900 2 3 4670
57399 7 15 8707
57861 3 2 9851
57975 1 16 9345
58354 17 3 4765
58563 7 12 6774
58811 19 16 5520
59050 13 5 7808
59174 14 13 7170
59483 9 17 2378
59838 10 8 1929
60335 1 0 8049
60616 15 1 8786
61137 13 3 6340
61734 11 17 161
61764 9 1 524
61818 0 13 156
62400 4 14 5130
62532 2 15 1792
62809 17 8 1707
63131 3 17 535
63277 6 19 5165
63647 8 0 8663
63869 8 2 809
64393 8 4 3222
64690 1 5 703
65068 8 11 57
65584 0 17 5784
54273 5 3 5869
54556 2 18 126
54740 18 16 52
55016 8 4 2652
55360 16 1 7182
55421 17 7 191
55840 0 7 6351
55919 2 4 938
56253 11 1 4633
56647 1 10 9754
56730 16 3 9397
56772 3 11 6058
56883 13 1 3497
57424 14 12 3196
57538 17 9 889
57546 7 12 910
58074 2 11 7621
58527 17 1 9523
58637 19 5 2749
58776 15 8 7184
58935 1 13 6538
59375 1 11 9243
59436 8 19 5933
59968 13 11 695
60546 8 9 730
60627 10 7 6
60680 9 4 1118
61058 10 9 7295
61084 11 9 1339
61326 2 10 4195
61538 7 10 5366
62088 14 19 737
62108 4 11 4036
62262 13 11 815
62647 16 0 5892
62894 10 9 4624
63154 15 19 9697
63204 8 19 7631
63524 4 17 37
63959 8 0 841
55192 7 4 6132
55259 2 4 5786
55728 12 6 8398
55962 17 9 80
56450 14 11 6668
56815 6 17 6735
57214 5 8 1809
57312 4 15 7740
57493 0 11 8400
58065 16 3 5407
58379 18 14 5290
58978 14 7 4111
59093 2 11 6130
59275 4 7 6050
59731 16 13 6378
60203 9 16 412
60310 4 0 3646
60827 6 18 8297
61188 13 15 3026
61205 8 15 9752
61533 5 15 4450
61793 13 15 5725
62050 4 2 9294
62314 9 12 2091
62789 9 15 4112
62797 13 6 7485
63133 11 0 7129
63321 13 15 6552
63810 17 12 7575
64153 13 11 6570
64402 19 13 6086
64738 14 19 5954
65037 13 11 5140
65477 14 1 5458
65537 16 17 7753
66063 12 13 7814
66644 14 7 8999
67050 17 4 1044
67073 0 5 513
67096 12 7 8805
55743 17 19 9008
56236 15 14 5325
56342 18 4 5501
56935 14 10 3902
57283 19 16 5925
57796 19 18 4554
57897 8 16 8527
58270 13 7 3508
58277 18 16 2742
58684 14 16 2703
58691 15 9 5016
59283 13 7 4962
59500 13 7 4756
59940 13 16 193
60185 4 12 6457
60743 11 15 2460
60867 6 17 8603
61033 2 3 3549
61521 10 5 1659
61783 17 5 3216
61895 12 16 8678
61987 10 14 4451
62527 7 4 399
62921 4 16 5160
63321 7 4 7705
63887 16 6 3190
64124 7 8 166
64355 11 0 5217
64665 4 3 8595
64904 12 5 6423
65170 15 3 5957
65401 19 7 9480
65419 5 11 1492
65593 0 15 3023
65832 1 7 5770
66413 10 5 7290
66885 13 15 1046
67074 8 16 7934
67263 16 18 327
67539 13 6 5844
56031 8 7 8744
56077 19 16 7708
56211 3 17 2077
56742 17 4 7101
57003 13 11 3978
57384 19 15 3488
57620 10 0 7013
57986 18 0 3470
58134 15 1 3087
58560 9 11 8376
58977 9 4 2515
59141 15 7 391
59614 14 2 621
59817 19 7 1160
59880 7 17 201
60358 6 12 854
60704 8 15 3079
61076 11 14 9016
61334 3 17 3393
61424 14 18 7874
61987 5 6 8613
62017 19 17 3176
62289 3 2 4136
62763 2 12 7407
63325 11 14 2012
63777 18 10 1792
64348 10 12 8897
64923 6 2 4100
64982 9 10 1871
65229 1 7 263
65330 11 7 830
65833 4 15 2089
66113 12 17 2236
66485 4 16 3080
66511 12 2 8513
66673 6 12 4438
66994 3 15 5538
67174 9 16 9879
67615 18 1 1489
67856 14 6 4391
56485 19 7 5100
57023 5 17 5284
57574 13 10 9107
57636 2 11 7134
57830 13 14 5466
58148 10 18 6194
58638 7 14 1449
58934 18 15 9455
59074 6 7 1085
59649 10 11 4251
60103 6 12 8635
60306 8 17 2662
60632 11 0 3964
60898 17 1 9600
61112 7 4 6277
61608 5 3 1146
62097 18 8 8970
62616 14 5 4637
63049 13 5 7512
63306 7 2 207
63772 16 15 5231
64335 18 17 4920
64810 11 1 9703
65250 12 0 54
65338 11 7 7889
65738 14 4 8961
66302 0 7 3790
66586 7 1 1361
66996 3 16 4271
67252 0 7 7055
67767 3 17 3087
68057 14 3 3541
68517 0 18 7105
69064 5 18 4470
69414 14 1 592
69618 11 10 4744
70068 10 13 2405
70585 14 3 1763
71111 19 5 6000
71317 8 5 6660
57285 1 15 1349
57766 8 9 2762
57973 13 17 8710
58150 18 1 4946
58744 7 18 9846
58845 1 17 3588
58846 6 13 3100
59384 8 16 7817
59832 3 14 719
59915 19 15 7472
60312 8 13 5964
60426 5 14 7956
60792 2 6 3205
61178 8 1 319
61705 7 6 1212
62092 18 9 774
62491 18 3 8545
62529 11 17 6066
62795 8 18 1467
62925 4 7 3620
63424 9 12 7789
63855 19 8 7733
64060 17 2 196
64150 13 15 4555
64239 17 13 4521
64833 1 19 5072
65386 7 4 4322
65964 2 19 6263
66463 16 3 8856
66546 3 2 8762
66805 9 2 4
67198 13 6 8028
67368 8 19 4049
67670 18 12 8937
68133 17 4 7738
68287 14 17 9414
68585 12 6 8171
69056 9 15 1585
69597 18 4 9836
69955 19 17 9314
57670 11 14 5848
58161 17 13 665
58656 12 17 7974
58805 16 18 3095
59063 7 12 6183
59471 19 17 2615
59958 18 7 9106
60097 4 14 4314
60496 7 13 1787
60670 9 15 2886
60817 15 19 4265
61263 3 2 2432
61676 3 10 9814
62206 1 4 4620
62686 17 3 9592
63076 18 12 6494
63362 5 8 5631
63801 14 15 1866
64198 17 15 6234
64268 15 14 4506
64406 8 13 2227
64829 16 3 8081
64852 4 18 7103
65107 3 6 7815
65550 5 13 7462
65872 4 6 9349
66371 1 0 127
66685 9 15 4916
67283 11 3 430
67799 16 11 5717
67897 14 7 9600
68445 17 4 7267
68665 11 10 5811
68760 10 14 1977
69085 7 5 6103
69678 15 4 4808
70137 8 10 1462
70334 14 7 3359
70889 7 4 968
71148 6 16 1273
58446 16 18 9846
59014 11 17 301
59165 14 11 5585
59374 19 18 2743
59785 9 3 8590
59985 16 11 9843
60497 3 10 2144
60999 13 12 1169
61029 16 7 563
61563 9 17 2079
62120 16 1 1804
62596 9 6 4974
63112 12 3 6243
63520 13 1 2548
63836 19 5 4477
64185 13 7 5933
64605 15 12 5707
64703 17 2 1476
65143 12 2 5962
65335 19 8 5906
65781 3 9 3528
66287 12 2 2724
66416 17 3 6152
66580 17 12 830
67143 15 5 4427
67484 13 8 6074
67842 8 2 9134
68386 8 10 9687
68903 19 1 7481
69408 8 10 6064
69544 3 0 3943
70087 17 7 4393
70352 19 1 1782
70563 14 3 421
70845 15 9 7399
70883 3 15 9327
71354 10 16 4692
71839 7 12 8758
72084 9 11 3527
72094 0 12 6039
59011 8 10 8149
59389 12 18 1981
59575 13 16 8912
59677 8 10 7342
60197 14 8 3055
60287 13 6 2937
60771 9 15 2303
60950 17 9 102
61156 4 0 4994
61591 15 16 3542
62038 9 1 9698
62509 13 4 3265
62815 17 16 2116
63021 19 18 5702
63454 19 13 9781
63972 14 2 8457
64066 1 4 3047
64111 8 7 3094
64407 18 10 1668
64503 15 11 5618
64554 7 6 7698
65095 8 6 8549
65437 2 7 818
65787 15 0 6633
66253 13 12 2575
66551 17 12 5046
67036 15 0 3215
67601 19 8 4094
67759 16 0 5842
68121 11 0 5905
68304 17 13 1447
68324 8 18 6956
68587 10 17 2160
69102 13 1 75
69664 2 11 1441
70032 8 19 4294
70325 12 10 5772
70883 9 1 9376
70920 7 1 9790
71499 1 10 7741
59900 4 6 9100
60357 13 6 7713
60505 10 12 3543
60573 15 6 3506
60698 9 1 7002
61099 9 2 4700
61507 5 13 7770
61796 13 15 9152
62170 10 11 3100
62661 16 5 2498
62671 14 8 6794
63015 15 0 1105
63279 8 15 7086
63376 1 6 7494
63646 10 11 3036
64242 13 17 2778
64418 6 13 8873
64775 5 12 9836
64956 15 16 2179
65243 0 3 3882
65623 8 11 4140
65927 9 19 1792
65992 15 6 6895
66371 17 13 2337
66785 1 18 3317
67096 8 13 6222
67544 3 4 4330
67977 11 17 2849
68007 14 16 6623
68459 12 18 3005
68946 15 3 2820
69255 6 11 3677
69631 8 6 3525
70197 19 7 1059
70473 17 11 2812
70985 16 19 5907
71040 4 6 5923
71190 13 1 3242
71606 6 14 7432
72043 11 7 2948
60076 2 7 9976
60364 2 10 1298
60721 6 14 2356
60878 6 3 3084
61402 12 7 6613
61747 8 19 3034
61959 19 3 6055
62394 9 2 8980
62990 3 12 9979
63263 1 18 5446
63351 17 8 2078
63389 3 14 3379
63900 0 4 5416
64115 12 8 8816
64354 18 14 3170
64719 0 15 2056
65064 14 13 2856
65206 6 11 7043
65515 13 14 9314
65851 12 17 3849
66172 1 18 1592
66352 17 2 6659
66732 9 5 5425
67208 12 14 9781
67362 8 14 2516
67819 0 19 6291
67835 12 4 3043
68308 16 13 3075
68906 3 5 7434
69100 6 14 9418
69468 0 8 1366
69766 19 12 6527
69898 4 0 687
70349 10 8 2074
70455 16 13 2099
70679 14 16 2969
70945 10 13 4153
71017 16 9 7643
71049 6 17 87
71494 16 0 8456
60677 19 2 5111
60849 5 9 2413
60860 14 4 9846
60897 4 6 6134
61058 15 8 7816
61060 5 6 5188
61491 15 10 2177
61852 8 13 7287
61861 4 18 2057
62401 4 2 7612
62883 1 17 1277
63098 4 11 4102
63387 3 1 3803
63719 11 6 1094
63817 4 11 7178
64134 11 14 7798
64694 4 11 3129
64975 13 14 8559
65223 6 11 9201
65641 6 17 2552
66135 17 19 6064
66402 13 18 69
66931 15 18 5647
67200 18 9 9034
67266 9 15 6782
67548 1 14 2650
68044 10 19 1822
68549 5 0 42
68600 7 8 2331
69174 16 9 867
69197 19 11 2078
69380 5 2 1818
69424 5 19 7904
69501 0 10 9177
69548 16 5 8795
69782 8 6 8987
70261 3 12 2621
70351 6 3 4919
70471 5 18 8434
70853 4 10 718
61313 12 3 4597
61740 13 3 7181
62132 19 5 8280
62665 2 9 4169
62708 6 2 4531
63028 1 12 9127
63127 5 13 7157
63589 7 3 3151
64057 9 18 4082
64571 1 5 1465
64626 0 13 4167
64995 5 4 5714
65225 14 5 171
65470 13 7 3315
65834 5 11 3546
65935 19 8 6827
66135 19 3 2791
66686 3 19 922
67266 0 11 3702
67280 10 3 386
67578 18 12 3539
67816 3 9 9353
67836 1 9 1721
68025 0 15 9874
68313 15 17 9101
68510 16 0 5629
69078 14 18 8155
69609 2 1 1847
70081 9 3 7171
70678 16 6 2330
71018 15 12 6925
71097 3 13 5201
71365 2 11 2554
71451 2 1 1408
71939 6 19 8792
72466 14 6 3636
72578 4 14 68
72785 9 12 2628
73109 13 1 524
73282 1 2 5234
61896 13 11 8846
62439 0 17 2305
62973 15 11 413
63415 6 8 6529
63863 0 15 7403
63999 3 18 1659
64522 0 6 7981
64700 12 16 2811
64714 11 12 6965
64914 10 11 5152
65028 15 16 3022
65603 1 0 7304
66028 11 14 3418
66053 5 18 4669
66241 15 2 737
66701 7 3 2202
66805 13 7 7383
67116 16 8 7562
67408 0 3 6206
67537 1 8 737
68044 18 2 6007
68612 18 15 8447
69107 14 1 8215
69228 19 9 8396
69570 10 14 2120
69646 18 8 491
69796 3 5 5576
69968 15 0 1752
70507 1 16 4898
70637 13 7 4230
70964 17 6 4030
71456 3 13 1549
71503 0 6 8315
71718 5 17 9658
71788 12 18 9894
71910 16 12 9364
72165 0 15 3921
72199 3 7 8382
72335 16 7 6137
72898 17 12 5063
62534 17 11 7021
62661 16 1 6385
63181 19 4 2946
63560 13 15 2283
63907 15 1 1610
64151 1 6 5643
64465 0 11 602
64519 12 19 5883
64532 11 13 7982
64762 2 15 7460
65140 5 11 3668
65584 19 13 6987
66062 15 9 780
66163 3 13 6121
66346 6 9 4421
66442 12 8 3842
66861 4 8 2777
66924 18 17 9233
67130 8 4 7741
67219 14 1 7586
67331 18 4 1227
67788 13 0 749
67926 4 19 7880
67983 19 0 4977
68019 13 9 2041
68616 13 14 1615
69028 10 18 6103
69591 1 12 722
69794 5 17 1462
70040 13 16 8140
70385 17 15 1865
70539 8 17 5435
70863 8 5 9583
71164 8 14 6119
71731 16 9 3707
71987 5 11 3989
72153 6 8 1101
72508 14 2 9841
72788 15 0 2951
73217 19 11 8706
63560 17 9 9979
63630 8 4 7745
63789 6 11 6230
63799 6 16 676
63859 11 0 9117
64194 6 13 7950
64396 2 7 3103
64928 19 17 5570
65356 11 5 8482
65427 10 18 7885
65624 5 14 7662
65687 11 0 8771
66045 11 12 4171
66619 8 16 7402
66889 8 15 5173
67183 19 12 547
67688 11 3 9655
68174 19 0 865
68323 11 14 7028
68578 8 11 228
69167 10 0 7986
69471 12 3 9553
69963 10 1 6621
70536 6 10 1610
70930 14 16 1000
71285 16 0 1133
71367 14 13 5530
71827 12 15 6538
72343 15 8 2630
72715 6 19 3102
73092 7 9 565
73669 17 8 175
73814 13 18 895
73834 17 19 7491
74053 14 8 6643
74178 10 2 7361
74420 0 14 8380
74859 13 12 4590
75455 18 0 2419
75481 9 13 672
64095 2 14 9452
64572 0 5 4149
65115 14 19 607
65702 14 5 4086
66178 3 5 6577
66443 9 2 3667
66528 5 4 1213
66744 2 12 4296
66885 9 16 7125
67199 14 10 4917
67763 0 3 7942
67857 19 2 1695
68335 1 0 130
68445 10 19 8033
68770 10 16 6544
69214 1 7 2491
69458 7 3 8696
69469 5 11 9677
69560 3 11 5065
69734 12 9 7465
69900 10 1 1602
70456 17 10 3221
71034 13 10 1540
71190 10 8 6928
71325 16 9 1957
71408 0 6 4717
71472 12 4 9659
71659 18 5 3094
71812 3 14 9178
71962 10 14 499
72195 17 4 5436
72223 11 19 8458
72514 17 7 7962
72991 7 1 9703
73111 2 5 5655
73257 19 14 2343
73277 2 0 8511
73539 13 6 8216
73708 1 12 8269
74134 18 8 1707
64767 3 4 6003
64920 18 10 8848
65117 2 14 1540
65686 9 11 5204
66090 8 15 5935
66100 12 2 3255
66172 3 17 515
66604 3 0 5482
67115 4 17 4527
67635 14 4 8823
67655 15 1 8902
68203 12 15 2606
68502 8 15 291
68797 12 3 8552
69230 11 17 5861
69408 8 14 8693
69539 5 12 6794
69540 15 4 9960
69871 1 19 8932
69923 19 3 2817
69942 5 1 3235
70373 18 9 1054
70636 3 10 6662
71070 7 11 168
71180 6 10 3103
71525 15 0 1612
71688 3 19 1028
72086 19 18 8654
72598 8 14 3307
73194 1 3 6730
73423 10 0 1629
73829 12 0 1014
74385 8 11 5588
74600 2 1 1319
74830 5 1 6942
75316 6 5 1984
75781 2 11 5288
75959 18 9 877
75982 8 17 9395
76504 17 12 2885
65002 11 19 3487
65537 7 1 560
65768 19 0 8152
66080 15 11 6515
66339 14 19 3562
66376 5 15 8457
66412 18 1 6008
66598 10 2 455
66846 10 11 1024
67298 13 6 2901
67486 2 14 680
67625 3 0 2039
67694 18 19 8543
68144 17 1 6863
68396 8 7 8528
68576 6 5 4588
68919 4 1 4652
69331 13 3 3870
69872 19 17 3364
70254 13 3 919
70462 7 14 6347
70599 16 18 1693
70839 5 19 4994
71433 13 12 7247
71589 10 1 6764
71972 7 16 842
72456 17 0 4049
72545 0 1 3154
72713 13 15 1802
73294 6 19 8860
73430 17 7 8040
73681 13 19 6639
73832 9 1 3549
74235 13 14 2646
74808 18 14 3585
74829 8 9 417
75089 2 5 5917
75130 4 12 1993
75685 15 7 1128
75867 12 8 9411
65995 2 17 5008
66077 8 6 9558
66186 6 2 300
66749 3 16 8903
67344 7 9 1683
67393 5 12 7133
67621 12 7 3867
68084 11 17 6347
68390 13 8 3321
68522 18 16 4969
68848 12 10 5247
69305 2 8 4259
69752 19 5 9370
69962 16 13 506
70388 12 17 5740
70880 7 19 5560
70973 9 14 3896
71444 2 0 3244
71992 13 0 2300
72409 0 12 4435
72814 14 0 8257
73266 8 0 86
73292 1 5 969
73670 17 18 6547
74201 1 0 3761
74306 12 19 3411
74703 2 16 7913
75246 14 9 561
75540 13 3 6104
75654 6 10 2316
75745 3 13 4392
75858 0 11 2018
75940 0 17 9795
75943 6 11 8402
76144 8 13 7917
76542 3 18 8812
76985 16 14 2569
77458 2 15 4629
77640 9 1 8432
78184 14 3 3551
66193 3 7 5258
66787 19 5 9263
66881 10 17 9940
66987 10 8 4216
67318 2 13 7822
67804 12 0 4895
68233 11 13 8320
68272 3 11 2455
68669 2 5 8515
69099 7 4 4893
69566 0 10 5007
69603 6 8 7629
69895 10 18 4450
70182 18 5 5608
70694 5 3 7554
71213 16 7 3410
71611 1 19 2988
71874 3 13 9080
72244 3 12 1443
72481 13 18 9809
72616 3 9 7874
73027 15 9 2711
73530 6 17 2794
74079 5 2 7981
74103 11 10 2322
74125 19 12 7569
74183 9 4 207
74574 3 6 1504
74709 4 19 3242
74719 19 17 476
74902 8 13 1418
75209 4 19 1010
75209 11 5 5351
75451 4 7 73
75877 3 1 9521
76271 19 10 4294
76434 12 15 5104
76648 5 1 9678
76796 9 4 7052
77132 15 5 974
67162 1 19 2559
67752 16 7 890
67923 9 19 6716
68319 7 5 6432
68442 17 5 1349
69029 14 11 4391
69540 13 0 3484
69704 2 11 5311
70234 0 19 9423
70270 11 17 2744
70428 11 0 9853
70725 1 13 5187
71012 12 1 1987
71097 0 15 429
71166 17 11 4572
71295 12 17 5372
71691 3 18 5688
72051 8 7 4758
72194 13 14 2212
72254 17 4 5276
72490 15 16 2295
73062 3 1 7788
73427 1 4 9950
73685 13 5 5319
73966 3 18 9522
74300 8 13 3409
74727 7 4 9313
75091 6 12 2807
75100 12 19 9909
75617 7 15 158
76210 1 19 2593
76630 10 17 7115
76854 4 17 7771
77001 0 2 9711
77259 16 9 5023
77549 16 7 6071
77728 7 17 6243
77896 7 1 5907
77953 1 0 7809
78407 18 15 7560
67210 0 8 1460
67307 12 5 8819
67731 12 17 4063
67865 17 0 7228
68244 14 10 5510
68411 13 1 4241
68829 18 6 4265
69359 15 1 3921
69777 19 17 2064
69843 7 19 2450
69927 17 16 8850
70084 6 1 7428
70623 11 8 6213
70900 3 12 1619
71415 12 15 7523
71903 18 17 3006
72060 6 5 5279
72379 2 14 1849
72968 15 7 660
73388 7 1 7959
73554 11 3 9872
73855 19 6 8590
74012 9 7 3940
74062 11 19 4974
74295 5 4 5229
74881 4 7 6940
75402 12 13 4451
75986 4 19 3541
76574 14 2 6472
76737 1 5 1644
76878 18 5 3274
77204 5 7 2878
77366 5 17 4732
77915 8 5 6146
78068 15 13 9231
78265 15 5 3077
78792 10 14 2110
79317 10 14 9137
79584 11 16 5531
80145 5 16 5544
68187 12 5 8358
68208 11 2 5856
68524 8 18 977
69084 14 7 1054
69418 2 5 3207
69577 1 3 4650
69913 17 15 6090
70371 12 18 7738
70535 3 10 9061
70712 17 5 4568
70839 13 7 5968
71165 14 6 8172
71562 8 19 4710
71694 10 6 9738
71935 7 6 9636
72474 14 12 1167
72999 15 7 120
73038 10 2 4960
73376 17 18 454
73630 8 15 5196
73870 12 0 1480
74181 9 0 4657
74212 1 11 9063
74377 15 5 4070
74428 18 9 3554
74697 9 5 5080
75270 6 8 4767
75535 14 12 3682
76058 7 8 9593
76577 5 14 8063
76912 15 16 1992
77476 8 18 8274
77771 2 12 7705
78065 9 8 4365
78323 2 0 2745
78904 11 16 1698
79426 18 7 8344
79861 8 16 5547
80436 4 15 9976
80585 5 18 1779
68810 16 17 4991
68903 12 1 8441
69384 5 0 5079
69414 5 17 6372
69625 19 4 2675
69672 14 12 3151
69788 18 7 9990
70263 17 15 9325
70339 2 5 5893
70637 18 5 7422
70960 10 4 7646
71065 3 11 5887
71600 1 2 6455
71961 6 0 2313
72214 12 11 8732
72287 16 13 2131
72535 15 3 9786
72817 14 0 5035
72871 7 3 9571
72893 9 16 3457
73067 12 19 149
73643 8 2 1180
74156 1 15 9036
74663 18 6 2534
74762 14 19 3815
75072 14 1 656
75315 17 11 571
75633 14 17 1078
76203 1 7 7132
76307 11 1 6977
76387 18 12 3310
76466 10 18 5134
76852 16 9 3629
77082 6 16 8488
77169 0 15 3995
77494 7 11 7767
77656 9 2 7249
78082 10 11 6778
78350 1 13 8722
78865 19 3 3339
69014 8 17 5599
69074 9 12 2568
69553 5 16 5814
69669 16 1 6559
70127 1 4 1511
70342 16 13 616
70639 5 12 8760
71063 16 4 9938
71621 19 0 3813
71676 2 8 1596
71696 3 15 3626
71934 6 0 8255
72506 10 8 6005
72860 15 6 5005
72913 4 10 4338
73422 9 18 336
73910 11 5 4908
74264 19 1 9223
74771 6 16 7245
74783 0 9 784
75366 13 14 7972
75823 2 12 7849
75899 7 6 9761
76364 19 9 2084
76521 11 4 4451
77120 12 11 5009
77432 1 10 4891
77768 6 7 8617
78268 3 15 632
78730 19 7 5678
79038 13 15 8225
79198 1 12 6958
79759 10 4 8781
80009 7 10 1022
80165 9 15 6649
80673 18 13 8084
80873 18 4 4055
81401 11 7 4510
81567 2 10 5430
81901 1 12 6597
70157 1 15 9330
70489 6 7 8219
70865 8 18 4258
71269 10 3 1343
71744 19 7 1806
72083 5 8 8851
72446 5 4 5527
72786 3 18 5084
72999 10 12 9145
73511 11 13 4731
73778 15 12 5535
74013 19 3 6521
74432 6 17 7001
74732 12 2 7506
75105 11 1 906
75462 15 16 8548
75812 15 9 5940
76148 10 12 668
76720 8 16 3359
77290 8 19 6531
77832 19 8 600
78256 7 9 1661
78449 13 9 2932
78565 14 12 5784
78868 4 0 8423
79094 6 18 1830
79166 14 17 5802
79273 12 14 8780
79526 1 5 1472
79618 13 11 1004
80046 11 18 2577
80518 12 9 2407
80850 19 18 9673
81270 9 4 547
81553 13 6 6191
81921 10 15 1765
82134 8 18 8848
82242 13 10 5334
82700 11 16 2397
82726 12 16 7200
70379 9 15 977
70579 14 1 2038
71171 4 8 2587
71471 6 13 3245
71975 18 6 6733
72161 12 1 6711
72218 19 0 8401
72341 16 18 5153
72534 6 1 780
72712 16 8 6845
72983 19 7 2858
73063 2 17 7998
73584 19 18 1493
73737 2 4 59
74179 17 0 3038
74510 5 8 7528
74969 4 5 9016
75120 5 2 507
75362 9 14 9816
75892 2 7 4912
75991 15 19 5320
76023 1 7 7797
76495 4 10 5074
76811 7 4 3931
77292 1 14 8640
77883 7 3 9854
78066 8 4 3323
78213 17 19 6392
78789 0 10 6394
78808 0 15 3737
79265 10 0 2911
79505 19 17 2525
79974 7 4 597
80323 18 13 4473
80650 10 17 7266
80798 16 8 9616
80841 2 14 9286
81428 0 17 4437
81840 7 2 472
82385 18 19 8351
71385 0 13 1074
71546 16 8 2352
71900 17 5 1966
72253 14 19 3466
72714 10 16 2583
72832 13 5 4107
73058 2 10 6305
73058 15 1 4770
73558 5 17 4242
73561 17 6 2467
74031 2 18 3935
74345 9 0 1505
74399 18 2 177
74587 5 13 7739
74786 18 2 4498
74839 16 10 8093
75268 4 17 4855
75577 16 2 3925
75715 13 6 4703
76219 15 8 7701
76394 18 14 4360
76804 6 16 8525
76869 2 16 8172
77050 7 10 2561
77279 14 1 3919
77558 19 4 386
77698 4 14 7836
77969 12 6 4443
78090 4 11 2669
78628 7 13 421
79039 14 16 9719
79247 3 9 7697
79503 4 5 6579
79719 14 7 4265
80058 16 1 7322
80405 11 3 5621
80554 18 8 9741
80761 9 2 6291
80852 10 16 5427
81055 18 3 6172
71567 11 5 2719
71917 3 5 5760
72322 1 18 4617
72553 19 5 2781
72926 5 18 463
72927 17 1 8459
73037 3 16 5901
73554 12 15 6376
73913 8 19 9736
74444 4 8 6161
74985 10 0 4913
75331 14 13 6247
75440 8 11 8794
75820 15 4 7720
76232 6 4 918
76361 0 17 8672
76494 17 10 3671
76747 1 15 517
76965 16 6 2252
77005 2 7 2404
77589 2 17 8712
78188 12 8 3885
78292 17 10 3224
78834 10 13 3140
78997 1 17 2593
79316 4 3 3067
79594 4 18 6934
79738 11 17 6273
79876 3 17 3240
80039 10 1 4432
80116 12 3 4722
80449 6 10 2509
80705 15 18 8180
80750 10 15 370
80785 18 7 5913
81120 11 19 2090
81423 8 2 8757
81845 1 16 4761
82398 12 15 7619
82969 15 9 8260
72048 1 17 5988
72074 13 0 5444
72134 4 13 3163
72313 19 2 3967
72822 4 12 6036
73155 8 10 6047
73232 15 14 664
73299 16 11 9567
73896 13 14 63
74408 18 19 7892
74793 13 11 8721
75139 19 6 3528
75263 11 7 8619
75460 2 5 7319
75918 9 13 7214
76063 3 19 6947
76072 11 2 9915
76473 8 11 3937
76610 10 11 1786
77160 8 5 5775
77348 1 0 8711
77376 6 4 5672
77870 8 2 5349
78175 19 15 1295
78344 6 0 5872
78563 6 17 5910
78939 12 19 7172
79017 13 10 5792
79343 6 10 5775
79942 6 17 6131
80498 13 3 2395
80970 6 12 6648
81310 15 12 9255
81571 9 2 7065
81916 17 0 2062
82354 19 4 5726
82782 3 15 6979
82853 12 5 7348
83071 1 9 4680
83445 16 9 9125
72876 17 19 4568
73341 10 5 9626
73421 8 11 7654
73873 5 15 2640
73930 0 11 4124
74296 2 5 8619
74372 6 16 1138
74794 9 6 2474
75241 13 5 2332
75456 5 14 8626
75977 8 16 6254
76036 19 4 7329
76156 11 0 4777
76637 17 0 5888
76818 9 19 4080
77000 5 12 5903
77575 8 7 5273
77839 18 2 5769
78010 15 14 332
78225 6 12 3860
78408 8 5 341
78413 1 10 2703
78863 10 18 4027
78962 9 13 3789
79494 13 10 531
79808 2 19 9513
80272 13 11 1856
80635 9 3 1006
81000 16 3 4299
81232 18 19 8838
81264 15 8 455
81359 14 6 8367
81907 13 1 6422
81979 10 15 9611
82330 2 0 2233
82655 11 3 5943
82963 0 13 5368
83275 5 14 5915
83740 13 0 8323
84330 15 9 1383
73667 5 9 6961
74034 13 17 3033
74084 16 19 2723
74667 9 7 2075
75225 4 16 8608
75737 0 17 1921
75991 19 18 354
76209 2 9 7442
76488 3 17 6663
76560 9 19 1183
77001 18 16 6351
77236 18 12 2097
77405 15 7 6876
77431 0 7 5131
77596 13 1 5319
77712 8 6 2731
77891 7 3 9019
78248 14 4 9027
78391 14 6 9375
78988 12 11 2793
79014 15 13 1282
79230 19 2 730
79551 7 19 9698
80078 19 15 1602
80456 6 13 9510
80767 8 10 3519
81046 10 16 6946
81520 3 7 2174
81763 14 6 2133
81781 1 14 9688
82017 1 12 6249
82361 19 11 7345
82511 18 15 5063
82994 17 7 3822
83133 19 2 7962
83612 2 14 4060
83910 18 15 1873
84235 9 5 3251
84732 3 14 7501
85030 7 13 1820
73997 5 18 1014
74499 7 9 2864
75039 5 1 2949
75130 6 16 702
75508 1 2 4758
75766 3 12 3473
76177 17 9 6272
76762 2 1 6654
77357 0 6 6334
77765 10 19 232
78131 2 8 7483
78270 1 0 6426
78513 6 4 4207
78813 15 19 3962
79185 14 8 3631
79567 12 8 6487
79951 14 13 7784
80035 16 7 9793
80232 6 12 3155
80516 9 4 4612
80675 0 8 3249
81062 2 1 7339
81468 17 2 4194
81892 2 17 2416
82244 4 9 1993
82263 16 6 6740
82356 4 7 9946
82523 0 16 2378
82660 5 18 9856
82715 17 0 4523
82818 5 16 6636
83137 13 0 1344
83391 0 1 2633
83891 13 7 8865
83910 18 5 861
84424 19 0 1333
84890 6 14 8910
85167 8 10 9296
85270 9 8 6971
85326 14 5 948
74809 10 0 6485
74817 17 19 1866
74904 11 12 2450
75008 7 4 4020
75475 9 3 6795
75696 8 5 8059
76078 9 0 9558
76563 4 12 6599
77068 0 18 3108
77490 15 9 1702
77827 8 15 3995
77910 19 6 6558
78429 5 14 3935
78810 14 17 3080
79015 2 7 8510
79558 11 7 4410
80087 8 19 3514
80327 16 8 8238
80706 7 15 6617
80877 10 15 6388
80946 9 18 1286
81374 1 5 7778
81816 5 9 9916
82288 5 7 3638
82416 17 8 7430
82890 14 4 2553
82890 13 16 3825
83317 9 0 7505
83338 7 0 7495
83471 15 9 5237
83658 14 0 4045
84023 6 18 7176
84345 16 10 5452
84656 17 7 1791
85080 5 0 35
85545 2 19 1610
85993 9 3 7666
86122 18 1 6352
86193 3 7 4766
86574 0 4 7988
75049 18 11 6090
75158 16 1 2947
75591 2 15 2393
75667 2 5 5296
76118 14 10 9484
76156 3 17 6489
76586 12 13 4546
76754 7 1 7232
77192 5 4 6113
77339 2 19 4956
77352 12 2 5043
77596 14 17 6814
78013 4 13 2413
78098 15 6 6493
78607 19 5 5780
78985 12 19 5603
79108 3 5 3721
79450 18 19 3538
80020 16 0 8596
80416 9 17 3604
80567 17 12 8207
80959 6 0 8195
81295 10 13 7152
81585 19 9 5034
82090 19 13 1001
82672 8 9 7747
82935 7 16 5478
82995 13 0 7759
83172 2 0 216
83617 11 8 6775
83834 0 12 346
84176 3 2 2005
84761 2 15 4403
85136 11 17 6093
85634 16 6 8876
85933 4 5 6563
86370 6 14 7407
86832 4 19 4041
87203 3 10 8768
87343 4 2 2545
75653 10 9 7676
76081 17 19 4664
76091 12 5 8374
76112 14 9 6722
76294 0 19 7755
76660 0 4 5849
77058 10 12 6718
77486 10 13 645
77819 4 1 1647
78415 3 11 7245
78766 16 17 7593
78984 11 6 5645
79144 17 7 447
79406 12 3 1484
79428 8 5 2407
79785 18 16 3347
80194 8 19 7327
80263 18 9 5158
80282 18 14 9078
80324 12 14 8969
80774 17 9 6752
81253 1 16 2237
81400 18 17 6111
81945 1 4 4882
82107 13 16 8508
82434 15 1 2830
83030 0 12 6800
83080 12 13 5342
83351 3 4 8584
83754 1 15 3932
83916 2 14 566
84349 7 15 1280
84439 19 11 4032
84688 3 7 7231
85055 10 15 6621
85226 0 19 935
85565 9 10 7976
85886 18 9 4347
86174 12 6 4467
86330 16 18 3535
76465 14 10 8597
76852 6 11 9071
77194 7 1 6202
77241 0 18 7377
77518 6 18 5423
77900 14 9 4768
78492 1 15 7039
78688 2 11 5383
79166 7 8 3847
79524 0 14 2328
79994 18 2 1729
80247 0 8 281
80431 9 0 7617
81023 9 11 3968
81542 4 18 4186
81961 9 3 104
82056 18 5 391
82359 0 11 9451
82589 11 3 9869
82608 0 11 3314
83173 1 6 3616
83645 8 0 5155
83822 17 19 5028
84400 13 10 1831
84581 12 1 468
85181 0 4 4884
85260 6 19 6286
85262 15 10 4083
85322 6 15 4214
85444 15 1 9594
85814 12 4 8439
86365 5 17 8824
86732 13 9 6156
87152 12 6 5428
87263 6 10 7474
87713 7 11 7448
88154 8 10 2198
88271 4 5 9619
88519 12 3 889
88697 10 13 2532
77322 19 18 5492
77892 11 2 1430
78478 15 19 8599
78665 2 18 7822
78932 14 11 1831
79068 16 3 978
79159 15 16 1396
79168 13 4 2838
79207 19 15 8350
79294 6 18 6207
79769 0 16 8332
79837 19 2 748
80246 5 2 507
80561 10 14 1287
81137 0 7 419
81705 18 13 9300
81875 16 8 9479
81935 10 8 4035
82198 17 19 5523
82613 6 11 5188
83210 11 14 8436
83620 5 1 3031
84100 3 0 5530
84598 13 15 9091
84871 13 14 2913
84894 16 19 3783
85405 8 19 8562
85519 13 1 2369
85684 4 15 520
85923 14 18 7105
86021 11 10 1104
86116 12 11 9391
86217 18 13 9459
86491 15 4 6359
86692 7 13 1075
87286 18 19 7667
87381 2 14 1037
87873 12 8 111
87933 19 8 4313
88105 12 9 562
77547 9 14 3941
77789 19 14 868
77838 5 13 5655
78363 12 7 6629
78845 7 12 8540
79098 16 4 6330
79238 7 13 3123
79528 10 17 6951
79973 18 6 7141
80219 12 14 5797
80538 14 6 6201
80807 6 0 4944
80942 8 7 7270
81125 1 14 2604
81256 1 5 3396
81820 10 2 6982
82009 4 10 7550
82332 12 9 7873
82397 8 10 1976
82427 5 6 4985
82545 18 14 8826
82580 14 17 100
83040 16 17 8291
83504 15 6 7716
83679 19 15 561
83790 2 11 684
84333 16 6 7880
84597 3 4 9185
84726 11 10 7573
84833 4 9 7281
85131 18 4 6735
85494 10 16 6980
85520 9 17 5136
85677 5 18 4335
86177 0 6 4433
86322 15 16 6654
86538 16 4 3338
86648 15 6 9612
87239 11 10 2476
87413 17 2 70
78454 12 18 7325
78976 8 9 3613
79056 19 1 4149
79095 18 16 3150
79693 4 8 6102
80062 14 13 6508
80224 18 2 2128
80723 12 10 1706
81237 6 1 4635
81289 14 10 8267
81694 4 17 5090
81957 17 9 9287
82352 2 4 8272
82408 9 13 6759
82852 10 18 4673
82958 11 8 3639
83224 3 8 1029
83632 18 15 9714
83655 7 19 497
84160 1 14 4119
84441 2 19 9566
84586 0 10 1254
84627 17 5 8168
85116 12 14 2050
85228 17 2 517
85808 5 14 9818
86229 9 3 5552
86322 12 1 3351
86842 8 4 9388
87392 14 0 9083
87608 2 1 2854
87971 18 0 9410
88264 12 18 2894
88504 16 3 2363
88712 9 10 5117
89047 16 14 196
89609 18 1 3325
89940 4 9 5346
90036 18 17 2800
90475 8 12 4276
79164 12 5 8881
79633 12 8 8111
79787 18 0 7466
79794 13 18 6312
80245 13 9 5019
80387 15 1 82
80761 3 13 2383
80896 12 13 962
81011 0 1 2598
81231 10 18 6542
81707 0 15 3695
82206 19 4 4200
82324 18 2 1757
82357 11 4 3822
82678 10 11 1358
83219 13 5 1194
83335 16 18 7355
83658 15 0 2396
83732 6 16 5374
84304 8 19 3274
84852 17 13 3238
84977 1 14 9515
85068 13 7 4096
85220 15 1 1332
85269 7 3 9938
85280 1 17 7308
85455 12 9 7148
85728 14 3 6650
85966 8 4 2618
86436 14 18 6651
86991 14 12 1624
87577 8 17 9659
87583 13 19 8255
87812 7 0 2031
88268 9 17 301
88680 17 11 1005
88829 13 10 2263
89113 17 4 392
89586 2 16 3911
89948 7 19 3965
79346 16 9 3973
79598 19 4 2887
79929 2 17 4444
80231 15 0 4823
80521 2 1 5331
80763 14 4 9523
81014 11 3 4198
81468 18 6 4753
82057 10 19 4332
82447 15 4 2295
82994 6 13 1530
83101 11 0 6262
83285 0 4 7481
83600 4 19 1542
83610 1 7 249
83855 1 2 3777
84105 19 11 9067
84329 13 14 2279
84846 7 10 8883
85287 1 18 7988
85845 16 15 2104
85886 10 12 2548
86461 15 2 8322
86489 18 2 3516
86822 13 10 3106
87300 7 19 8823
87647 17 0 2609
88028 4 7 8414
88594 13 4 9877
88893 14 18 3209
89145 15 14 1041
89339 0 12 3679
89831 0 18 4258
90142 14 7 5860
90299 15 12 9291
90421 17 14 7046
90617 2 12 8721
90782 0 2 4776
90831 6 17 9413
90921 14 11 169
79822 17 16 1698
80234 13 4 4847
80765 2 13 5695
80775 11 4 849
80784 8 0 1151
80841 4 0 3591
80963 11 4 58
81367 0 8 5646
81568 13 11 8070
81974 19 8 9116
82073 18 2 3222
82222 14 7 4963
82593 14 2 357
82604 17 16 7085
83013 1 14 9104
83512 3 6 2932
83681 7 13 7803
84281 13 15 2667
84287 8 5 5115
84510 17 16 771
84852 8 5 3109
84951 11 19 5154
85528 5 15 9321
85994 12 1 1887
86230 3 12 2789
86606 3 8 7161
86639 8 1 8578
87080 6 16 6537
87551 9 5 9368
87662 4 17 8035
87694 15 13 6441
88078 0 16 718
88527 14 1 684
88543 6 11 5225
89070 3 12 2720
89173 18 9 3987
89496 8 0 5796
89784 9 16 9481
90047 4 19 7460
90465 0 9 4343
