484 6 17 4916
583 19 6 7474
1049 17 10 825
1590 14 6 1544
1686 5 15 6681
1735 10 8 6900
1834 3 12 5227
1969 8 19 6923
2049 5 12 9625
2189 19 0 8970
2708 9 16 6873
3155 19 15 163
3742 17 19 463
4233 4 11 9533
4674 12 6 4255
4752 5 18 6343
5175 11 13 6317
5337 7 2 500
5354 14 7 9734
5942 2 3 3998
1197 8 1 9543
1204 2 16 3670
1349 3 13 8505
1611 8 13 6482
1937 13 15 7448
2399 15 19 9670
2899 19 12 2657
3452 13 17 2997
3899 18 11 6720
4379 2 13 6029
4728 1 8 3455
5076 17 16 9201
5371 3 5 4489
5381 12 2 1491
5738 6 3 6131
5856 15 2 2849
6056 3 14 4073
6087 18 16 6110
6570 6 14 947
6798 11 5 1017
1559 5 12 8729
2046 8 19 7448
2606 14 4 6311
2940 8 11 1404
3239 7 9 8335
3776 19 10 5221
3924 15 10 2183
4473 0 4 5088
5037 17 13 7931
5350 0 13 263
5847 7 17 7240
5903 4 8 4577
6327 4 15 6057
6669 14 9 8724
7201 1 19 1323
7203 9 19 5560
7690 19 9 3772
8202 18 11 1409
8351 8 12 41
8643 19 16 2666
2347 9 13 7626
2356 19 7 4735
2495 1 17 9752
2844 15 11 7199
2886 5 17 4382
3189 15 16 5284
3573 5 16 3626
3682 0 2 2873
4144 3 14 8494
4484 14 6 2439
4543 10 2 9585
4860 0 19 2240
5274 19 11 2341
5501 10 4 2217
5815 9 16 5590
6318 12 11 4199
6700 16 3 7491
6935 6 10 2386
7262 12 2 3288
7565 1 3 6376
2483 7 9 5571
2999 7 4 8525
3511 18 4 7605
3592 6 18 307
3924 1 12 1271
4500 4 8 8453
4661 16 0 6593
5023 0 3 7215
5037 18 16 3138
5346 1 9 8307
5904 2 8 2900
6304 8 17 1615
6423 17 19 6659
6434 13 9 2386
6976 2 16 9479
7438 12 13 1944
8035 10 0 6642
8309 9 15 5388
8569 0 10 4137
9078 4 2 6008
3037 9 16 7899
3427 13 10 3992
3433 1 16 6614
3697 0 2 1110
3883 6 19 8527
4173 19 0 1326
4559 10 19 3116
4894 2 0 2244
5000 10 8 2833
5161 18 4 6880
5676 7 1 6874
6119 19 3 2122
6165 3 2 9656
6548 12 17 9786
6684 17 19 2606
7011 16 2 356
7220 2 18 7071
7591 10 2 338
7924 1 10 1941
8456 17 9 7236
3643 19 5 7048
4110 12 3 2605
4525 3 17 315
5093 12 16 2041
5621 19 14 9474
5741 9 12 3837
6035 5 9 3991
6183 19 13 3464
6454 18 1 8517
6503 2 1 318
6865 10 6 8372
7087 18 17 6431
7523 10 15 2682
7719 8 0 4328
8025 9 19 3728
8249 19 11 1940
8571 19 14 9959
8612 5 0 1711
8845 10 19 5463
9436 6 9 8037
4746 4 0 3978
4991 14 4 1405
5387 14 13 3244
5680 12 1 7170
5744 16 4 575
6093 14 4 7425
6493 5 6 6759
6619 18 3 9042
7111 15 18 991
7687 10 8 5849
7804 5 6 1507
8218 5 16 7583
8673 4 7 8692
9263 1 0 1995
9761 5 18 7306
10279 9 6 8274
10522 14 6 8341
10798 8 19 7079
11244 1 8 5639
11341 10 6 9494
5072 3 15 866
5231 2 10 2746
5593 11 14 4915
5899 3 9 9668
6109 8 11 7052
6677 11 19 6861
7246 9 16 4027
7256 1 15 8274
7817 12 2 8862
7847 5 6 8930
8258 1 5 9080
8475 1 14 4128
8961 0 19 6398
9229 13 14 6418
9512 12 16 6840
9984 8 11 343
10239 5 8 798
10669 4 8 2979
11043 4 8 1603
11566 13 18 6174
5863 1 12 1586
5990 6 2 7013
6398 11 16 4132
6685 17 15 8328
6967 14 2 48
7391 14 18 4533
7700 19 18 6396
7701 19 1 3870
7803 15 16 809
8121 2 19 7349
8566 18 4 1013
9034 3 5 8262
9395 10 16 9424
9608 15 13 586
9672 1 17 7331
9729 18 7 2088
9880 3 12 3943
10251 15 12 2169
10653 3 17 6155
10668 18 10 2820
6466 9 19 6136
6665 9 2 823
7083 12 19 6096
7307 19 5 4890
7370 0 10 8920
7684 17 6 5043
7876 5 0 4920
8332 12 18 8475
8405 8 12 4285
8705 19 6 3006
9149 13 15 4701
9277 16 12 4716
9720 16 1 7630
10153 7 2 465
10285 18 14 7975
10465 11 9 1475
10821 10 18 9681
11029 9 8 2970
11230 7 13 7412
11774 13 15 805
6885 6 2 8339
7150 1 7 9009
7442 14 13 7577
7593 19 14 3048
7753 4 16 2816
7754 15 18 4644
8279 2 13 4319
8794 9 1 1133
8983 15 19 4860
9491 16 1 453
9552 9 14 1750
9678 2 15 5526
9820 7 18 9702
9860 9 11 1543
10437 3 12 8203
10976 2 15 8439
11240 19 4 2353
11262 11 0 3216
11534 9 7 5746
12020 5 11 8697
7661 16 0 1732
7858 4 19 5206
8269 19 1 809
8851 11 5 5232
9063 2 8 1658
9353 15 7 8156
9579 8 13 1816
10076 10 0 9385
10145 18 17 2722
10564 16 17 7882
10682 2 1 1783
10871 10 14 6662
11386 13 16 4540
11576 4 13 270
11659 9 17 395
12234 0 11 3928
12234 1 15 2944
12695 2 14 2423
12836 12 18 4657
13315 6 11 1125
7927 16 8 835
8199 15 1 4787
8658 4 6 7339
8829 6 13 1651
9013 17 0 8222
9127 1 3 3134
9595 19 1 7696
9655 6 1 9920
10046 13 9 3130
10172 8 7 6280
10577 19 10 1559
10898 11 12 4308
10938 10 15 3001
11367 2 0 6718
11762 15 16 739
12080 3 4 3946
12624 2 8 6796
12757 11 4 1781
13148 10 17 5849
13316 15 18 5880
8565 12 1 5258
8901 5 19 961
9298 17 3 5247
9791 3 14 5094
10202 14 1 2395
10507 3 8 3678
10514 11 12 5098
10985 7 0 4954
11539 14 17 6950
11821 3 19 232
12081 4 18 4642
12261 11 2 7185
12524 17 4 4525
12826 9 1 1859
13299 2 13 4422
13457 15 14 2876
13663 8 12 4182
14023 3 12 2834
14311 13 17 8580
14669 15 14 6964
9149 8 5 9285
9395 12 3 2849
9692 16 19 8451
9975 15 12 1205
10440 12 13 3680
10578 7 15 1667
10764 5 8 996
11299 8 14 9946
11303 11 14 8144
11555 2 13 2642
11913 17 8 3561
12365 4 0 279
12556 15 14 6743
12584 8 16 7258
12585 15 12 7600
13143 18 9 7798
13380 17 11 4001
13740 18 9 4467
13859 12 3 1557
13907 3 6 3318
9632 11 1 7376
9675 5 4 256
10059 4 16 6741
10105 13 3 7286
10620 0 18 4901
11086 0 12 9171
11217 13 15 1907
11552 2 4 6667
11651 15 9 5064
12056 2 11 7006
12139 8 11 1493
12665 8 2 6392
13089 4 12 276
13456 6 17 7439
14021 6 3 2861
14618 5 8 4047
15010 3 12 152
15312 8 11 4143
15485 4 8 4917
15921 18 10 4734
10383 11 2 9552
10824 19 16 1139
11136 7 14 5822
11397 17 0 88
11556 11 2 3283
11780 1 3 9162
12100 9 2 5430
12580 11 0 7140
12601 6 9 5994
13081 11 16 4716
13510 11 19 31
13936 6 9 1875
14274 16 18 3712
14691 1 9 5899
15080 15 1 3868
15356 12 13 8269
15947 10 18 9296
16223 5 8 4859
16229 9 7 1280
16466 19 16 8358
11170 16 9 7608
11466 15 5 3065
12030 17 6 9990
12343 5 18 7431
12392 5 17 7452
12934 17 3 4096
13106 17 14 9478
13330 17 11 1246
13618 16 7 2717
13777 11 9 5506
13897 0 2 6473
14093 11 14 9788
14653 15 19 4105
14701 11 6 5703
15144 16 10 6536
15620 7 13 5988
15700 14 17 4538
15808 19 13 6700
15856 8 11 8995
16412 12 11 8942
11954 17 11 373
12300 11 7 6226
12390 18 17 2006
12475 19 4 3833
12511 13 19 3769
13088 18 16 3176
13410 7 14 2908
13635 9 18 3740
13793 12 13 597
14209 5 14 4795
14563 2 5 4579
14731 11 13 9158
15212 17 1 7375
15251 8 10 3296
15645 7 8 3515
15830 14 15 1537
16419 6 5 3949
16997 5 4 737
17456 11 5 5458
17612 7 10 5562
12036 11 8 3017
12272 0 16 7972
12408 18 16 8315
12846 10 0 5100
12941 6 12 7114
13501 7 9 3632
13971 18 17 5929
14384 0 9 8520
14953 13 18 7257
15091 12 6 7704
15686 0 9 3642
16019 16 4 7163
16207 7 17 3452
16763 15 13 7627
16815 9 6 2260
17319 0 14 3942
17716 4 18 2391
18089 6 10 5004
18204 11 14 6209
18553 4 11 7455
12959 8 6 4845
13005 1 0 6945
13188 5 17 8379
13694 4 14 6166
13779 1 16 2129
14089 18 12 3169
14246 6 10 1032
14498 0 5 8724
14940 1 6 5488
15514 13 16 8142
15739 15 0 4995
16317 3 5 8958
16523 2 5 4743
16720 8 17 7754
16748 11 1 3558
16995 16 11 5089
17571 11 13 2326
17818 0 4 9608
18000 4 2 2899
18200 0 19 1447
13487 13 15 531
13816 19 18 6278
14004 19 1 9330
14473 15 11 8764
14996 8 1 1768
15534 6 15 6613
16046 18 3 5535
16640 16 4 9850
17220 15 11 1645
17581 17 12 189
17635 17 16 2208
17920 2 3 1259
18069 18 12 6032
18383 2 14 4608
18745 16 0 7400
18764 12 18 585
18816 7 11 5183
18904 15 13 9711
19448 9 13 8131
19623 17 15 2513
13930 1 0 2306
14247 7 5 565
14755 18 5 2748
14922 9 7 5844
15474 3 16 376
15749 15 0 7556
16113 12 8 331
16425 19 9 6112
16551 19 10 9320
16921 12 7 5959
17277 10 16 6625
17593 14 8 5019
18154 6 13 2537
18452 11 3 657
18927 6 3 4149
19280 7 10 128
19759 19 10 3226
19838 4 5 4422
20242 6 4 4918
20375 19 9 1555
14502 6 13 3532
14929 9 12 8405
15058 17 1 7872
15487 0 2 4226
15984 10 4 803
16266 14 4 6508
16434 3 14 1497
16497 4 1 5659
16517 6 10 1513
16979 14 1 1871
17338 4 17 7532
17499 12 0 6951
17563 12 6 6977
18012 8 17 767
18451 2 14 5178
18891 17 11 6304
19412 17 8 3463
19978 19 3 8823
20326 8 17 165
20387 5 0 8976
15518 7 14 7474
15767 2 1 8132
16157 16 5 1079
16468 18 4 5699
17007 5 9 2993
17060 0 3 8338
17411 7 5 8405
17956 17 9 1140
18048 4 5 401
18091 17 19 3966
18586 3 10 1985
19069 16 19 5310
19315 2 16 3148
19806 5 6 2550
20337 15 18 3076
20371 4 11 1823
20544 1 9 1768
20717 0 8 4140
20726 5 16 3976
21167 1 10 7938
15605 4 9 1807
15979 16 15 4246
16520 14 15 3142
16638 18 14 8899
16960 14 10 6979
17041 19 0 7705
17139 1 6 8478
17183 8 12 7454
17225 1 14 2599
17416 18 19 534
17892 0 15 3805
18350 15 0 8406
18915 4 8 1483
18933 4 5 2201
19362 6 14 4498
19865 9 6 7624
20010 7 9 8408
20501 18 12 8915
20838 3 0 4041
20931 0 14 7702
16240 15 8 7326
16699 7 6 1615
16881 17 8 1272
17363 5 15 8811
17543 5 13 788
17684 14 19 6735
18100 5 8 7778
18119 11 16 3340
18466 15 3 1472
19012 12 9 4725
19190 4 11 8600
19692 8 10 6318
19893 6 8 2916
19968 4 16 7089
20473 19 14 9874
20771 15 13 323
21214 7 19 3576
21380 16 10 4369
21405 4 15 2352
21537 11 4 4681
17081 3 6 9467
17437 17 3 9042
17482 0 17 9405
17917 6 14 9920
18468 6 9 4034
18798 3 17 4262
19242 0 16 3187
19512 9 15 1083
19729 11 5 8851
19884 1 14 5834
20363 1 4 5304
20555 10 16 428
20745 10 1 7097
20991 8 3 4101
21367 18 7 5667
21818 2 10 3982
22252 5 0 4593
22848 4 3 3477
23270 12 1 3467
23797 3 0 9879
17639 4 10 1576
18141 0 10 7373
18569 3 19 7608
18706 4 13 3362
18753 7 3 6823
19345 9 19 8881
19935 16 7 3022
20018 1 8 5892
20585 14 4 4965
20721 7 14 8516
21241 17 10 6806
21661 4 18 2310
21724 19 13 6694
21883 15 6 5316
21966 1 14 4392
21989 2 16 1081
22225 4 15 4324
22714 11 3 3675
22923 10 17 9891
23079 2 12 8113
18589 0 6 834
19090 8 0 7859
19308 2 15 9899
19778 2 1 2755
20336 6 17 4583
20915 3 17 9151
20937 4 2 7964
21044 6 14 6055
21307 0 2 574
21515 12 2 6038
21941 7 13 5714
22186 9 8 730
22538 5 12 266
22603 15 3 9377
22865 4 17 362
23032 3 10 4452
23304 12 19 6940
23572 17 14 5500
23903 18 4 1578
24469 16 7 6187
19165 3 19 3200
19641 9 18 4495
19902 5 4 8115
20245 9 10 3912
20568 17 19 5155
20736 19 17 2007
20863 4 14 1244
20924 15 13 3940
21137 13 11 5984
21221 8 2 5298
21700 16 1 5875
22110 11 10 2988
22293 13 18 9090
22474 7 15 8668
22715 17 15 1022
22737 6 3 279
22910 17 3 8808
23001 7 6 9327
23038 11 8 6951
23272 15 7 914
19706 6 10 4848
19947 0 12 9065
20050 3 2 8843
20156 8 13 9614
20623 4 7 6736
21214 16 19 7699
21513 18 15 5063
21961 3 11 7608
22339 9 18 1954
22895 1 19 4832
23214 4 7 723
23703 6 14 2723
23749 1 14 9669
23992 8 0 771
24098 19 18 9468
24364 15 13 313
24773 19 6 7726
24819 11 6 6806
25075 19 14 8942
25636 2 3 318
19894 13 19 9545
20293 14 16 6434
20856 17 9 1990
21373 3 8 4310
21446 5 0 8230
21914 16 10 7163
22317 4 18 4663
22686 18 1 6287
22709 5 2 9063
23245 7 13 310
23336 12 9 2967
23729 12 18 182
24319 10 6 4855
24368 5 3 3098
24701 1 6 3230
25002 6 16 7755
25050 17 7 3325
25158 7 14 9768
25206 12 2 6005
25686 6 18 8471
20706 1 16 757
20748 11 17 2231
21266 16 18 8812
21306 19 2 316
21769 13 0 9558
22029 8 19 9276
22427 0 10 7040
22710 18 12 7504
22796 9 13 8331
22819 3 8 5828
23011 18 19 5394
23308 7 10 5412
23327 2 3 5060
23337 19 17 1911
23461 12 5 6082
23774 4 11 6915
23800 8 10 3586
23845 15 17 8597
24007 11 1 5076
24265 12 9 5144
21263 18 5 4460
21498 6 11 3178
21936 13 5 3004
22251 10 14 6780
22606 15 11 230
22676 13 5 298
23165 1 7 4073
23192 15 17 4087
23474 6 8 6864
24012 7 2 9410
24270 16 10 6300
24367 10 15 7993
24497 11 3 3680
24622 1 5 716
24702 2 0 5186
24729 3 18 3866
25227 11 10 7428
25257 12 8 2547
25414 14 1 6345
25443 4 8 1641
21663 6 9 1275
22231 5 0 7350
22641 2 5 7779
22874 1 12 1478
22965 17 3 649
23189 10 12 8919
23238 10 11 9000
23685 0 12 4434
24242 6 8 4170
24250 14 7 1817
24648 8 12 6662
24965 14 13 128
25351 13 5 843
25810 17 14 7586
26091 18 16 8906
26100 0 12 2237
26677 3 9 7938
27114 2 1 7709
27180 4 13 8704
27491 1 3 7869
22293 10 4 1263
22468 13 3 258
22766 3 17 634
22886 16 17 7108
23362 4 6 399
23652 3 9 8488
23944 15 13 1930
24095 6 7 9504
24216 3 11 5777
24442 18 5 8411
24937 15 5 8959
25301 16 8 7770
25316 7 18 6842
25740 1 17 5555
26239 14 1 4097
26486 2 11 5669
26501 14 9 9264
26538 14 13 8432
26693 0 19 7049
26778 6 4 7315
23098 13 14 1058
23487 0 3 806
23920 13 1 9705
23994 18 14 987
24285 16 5 1021
24312 0 17 702
24434 16 10 6929
24966 15 2 1865
25483 6 15 3810
25665 7 6 4153
25960 11 1 9468
26434 12 7 6884
26460 5 18 6493
26935 10 16 9548
27293 9 13 9158
27762 7 1 7947
27797 6 9 2791
28045 18 4 7313
28546 15 1 4540
29084 6 15 4301
23441 14 11 5407
23852 19 11 4872
24113 8 0 7117
24592 4 1 8340
24810 19 9 9674
25381 17 19 6052
25727 1 2 2519
26183 11 1 7186
26508 13 6 606
26562 0 6 9249
27011 9 15 6810
27176 8 12 4372
27344 16 3 6131
27882 14 15 2519
28347 9 14 3699
28364 14 3 1037
28788 3 18 141
28798 6 2 6038
29209 13 16 6183
29586 1 8 9752
24194 1 16 6050
24612 11 7 2409
24837 6 2 432
24937 3 6 8391
25403 9 8 7785
25878 14 0 5115
26453 12 8 5305
27013 8 15 3765
27416 2 15 2455
27678 3 11 7913
27861 19 5 9805
28101 8 7 1057
28130 14 19 1121
28460 12 17 398
28996 11 7 8930
29043 0 9 7567
29578 17 3 8942
29594 0 1 3520
29614 11 16 6202
29952 1 16 9906
24710 4 3 9157
24803 6 3 869
24867 13 5 7317
25238 0 9 3006
25628 12 6 7273
25713 8 4 1797
26208 18 15 1926
26739 17 18 334
26785 6 14 6967
27025 3 0 7816
27192 5 19 6732
27693 11 19 9384
27861 14 13 2807
28256 9 6 7070
28345 4 2 458
28442 5 10 1296
28990 4 14 8399
29307 17 1 9421
29897 16 0 3120
29982 5 4 6656
25559 11 2 3964
25898 7 15 4817
26371 10 4 5759
26819 2 4 482
26927 1 14 9143
27437 15 16 5089
27998 10 2 7321
28577 19 8 3858
29174 1 2 7727
29703 3 4 2353
29749 5 15 5587
30074 19 10 6537
30213 9 18 1763
30305 18 11 718
30465 12 15 9070
30746 5 19 5402
30947 9 16 6543
31428 4 0 5167
31477 8 1 9601
32050 14 1 4915
26047 18 1 25
26386 1 3 3098
26431 7 8 12
26905 16 15 941
27184 1 16 2430
27192 6 13 6666
27544 6 2 4233
28116 9 16 117
28459 10 14 619
28584 13 7 8631
29007 14 4 7809
29267 7 12 1083
29300 5 4 9424
29507 16 17 8540
29551 0 1 1896
30005 15 1 4734
30011 3 17 6980
30594 11 15 4738
30822 17 16 4913
31186 15 11 1578
26751 3 8 4522
26832 7 6 1760
27259 15 19 5246
27388 17 13 6831
27553 1 11 6040
27717 11 17 7782
27791 1 17 6962
27984 5 11 5017
28481 18 15 8038
28674 3 17 3271
29000 3 9 7873
29459 1 2 9059
29996 11 3 9853
30386 16 0 9727
30843 10 11 9382
31028 18 5 2131
31120 14 5 2744
31709 1 19 4600
32168 11 5 4578
32342 13 8 1813
27054 12 16 7200
27448 7 1 3181
27742 10 6 7222
28001 8 1 5893
28218 8 18 1462
28226 12 0 5664
28597 5 14 6635
28634 18 8 2159
29104 16 15 5699
29324 9 11 6457
29868 7 6 7145
30349 9 3 1439
30883 8 6 803
30920 3 19 496
31150 13 0 689
31215 17 1 6591
31360 6 4 2494
31516 13 1 3152
31953 8 7 1117
32229 2 18 7094
28132 14 18 4816
28650 3 19 8413
29198 3 14 1744
29684 16 2 6735
29930 2 3 9924
30185 16 11 8369
30341 16 4 4558
30390 7 1 8844
30966 6 1 8692
31213 3 0 4898
31555 17 7 3041
32024 17 10 8230
32062 19 3 4185
32112 1 11 1168
32379 11 12 8320
32610 19 1 2655
32783 2 9 3236
32832 7 1 2713
33059 1 15 4466
33431 2 16 3012
28639 7 3 5058
28904 7 13 2331
29073 17 10 1440
29144 7 1 6109
29555 1 10 7592
29977 9 3 7144
30388 18 7 7365
30555 15 4 6520
30921 8 12 5585
31024 14 9 6124
31275 9 16 526
31674 2 0 8558
32218 11 1 2695
32372 9 5 3135
32432 16 3 1084
32698 2 19 7963
33081 7 12 5156
33130 13 6 2541
33271 15 6 6669
33705 19 15 5090
29357 5 4 5083
29742 12 16 7536
29935 18 1 6007
30181 12 18 6364
30544 11 15 1207
30695 16 5 5914
31040 13 0 5083
31280 1 19 1428
31449 1 8 2689
31987 1 5 5420
32114 5 19 2782
32552 13 8 8458
32728 14 7 4198
32827 19 18 831
33413 12 6 7815
33619 14 18 4610
33837 10 12 3989
34190 0 14 7218
34525 14 4 9405
35010 2 6 933
30000 11 7 9203
30368 4 14 6314
30919 2 0 3230
31195 19 3 9042
31712 1 16 1487
31928 19 14 7659
31984 7 12 1205
32006 0 18 6354
32492 10 4 685
32693 1 6 1935
32737 10 11 597
33137 3 8 1215
33377 19 7 2884
33877 2 16 1796
34411 15 18 7040
34924 4 11 6300
35502 13 19 8521
35652 13 12 7698
36089 1 8 6718
36250 11 2 4879
30416 6 1 5944
30889 13 1 8000
31068 7 8 5338
31208 4 12 4680
31630 13 16 7403
31926 10 15 396
32254 17 19 248
32454 3 12 1724
32608 1 0 8077
32914 16 5 1568
32934 17 5 1127
33306 10 8 1718
33777 1 16 1558
34149 3 14 732
34608 12 18 5386
34731 18 16 8821
35054 15 11 2013
35173 15 14 6871
35368 13 6 9554
35651 6 4 8847
31083 3 4 4912
31263 5 7 3581
31631 11 3 6718
32105 5 12 2873
32340 17 13 4286
32929 9 1 4888
33400 5 11 8845
33529 5 2 2051
33556 17 13 1808
33864 10 6 1882
34126 13 0 2398
34678 4 11 7962
35068 8 7 7357
35667 0 18 9163
35768 11 3 2571
35864 6 13 6640
35865 1 6 1323
35987 19 4 293
36122 12 18 8112
36373 8 6 4580
31511 8 17 752
32031 4 5 622
32125 15 11 8242
32625 2 5 6310
33052 15 6 3079
33596 7 1 2660
33704 7 10 6714
34184 5 3 3706
34517 14 16 5191
35050 6 1 9972
35400 10 5 65
35447 10 1 6684
35534 19 11 3631
35819 15 17 8936
36402 6 5 5802
36859 11 9 1069
37118 18 11 1671
37642 13 5 8814
38235 4 16 9560
38507 16 19 598
32352 3 0 5750
32747 1 6 1593
33137 0 3 8092
33304 1 3 7463
33314 11 16 450
33479 12 8 6846
33947 12 6 8144
34353 18 3 8465
34694 11 7 9099
34995 15 2 7828
35251 7 2 3189
35549 8 5 5784
35838 6 2 747
36245 12 14 6948
36837 8 17 1790
37176 14 19 1547
37372 2 10 9975
37906 6 11 5551
38346 17 16 7435
38376 14 16 4190
32576 17 10 4047
32966 5 17 5290
33245 14 7 6050
33363 19 1 1542
33431 3 5 577
33678 3 2 6677
34076 2 9 6036
34156 14 10 7741
34617 17 12 8143
34667 10 0 5310
35143 15 2 5750
35392 9 1 9128
35505 12 6 1677
35785 5 13 2766
36032 11 3 41
36466 16 6 5399
37016 7 6 7424
37053 13 4 5401
37578 3 18 4260
37660 10 16 2228
33466 17 3 1662
33896 16 2 7149
34097 17 5 2683
34311 13 3 6370
34629 10 13 1582
34849 10 12 3556
35109 16 0 6236
35696 3 8 3014
35849 15 6 7901
36218 18 16 7893
36456 0 6 1260
36883 14 1 9639
37222 8 11 4006
37304 15 4 5212
37580 2 16 7578
37997 1 6 12
38301 16 19 995
38591 5 19 5884
38707 13 8 1367
38826 6 13 4568
34044 0 13 4730
34288 16 12 5834
34407 0 6 2712
34786 15 13 388
35293 11 13 4161
35603 18 11 5308
35890 18 9 484
36298 15 11 5400
36405 8 18 9302
36462 16 4 6741
37015 11 7 5212
37465 12 17 80
37820 9 15 8399
38112 17 9 7994
38382 6 17 8515
38902 6 5 5955
39284 14 12 2224
39619 0 11 7088
39764 14 15 4517
39995 19 1 154
34430 11 19 5089
34649 8 0 135
35003 12 4 5671
35126 11 4 438
35266 12 15 8879
35735 5 16 4399
35887 15 12 8758
36216 5 1 2098
36738 10 5 7888
37073 14 7 9430
37661 13 14 4833
38248 12 9 9054
38797 13 5 330
39304 0 19 2108
39514 2 16 293
39657 4 1 3727
39668 4 8 9961
39812 18 4 5735
40406 9 10 4192
40757 0 10 2151
34872 1 6 6299
35058 18 4 6139
35268 3 16 1563
35778 5 4 3846
36320 2 9 4146
36507 8 11 7807
36857 3 15 2553
37173 5 7 8910
37604 14 9 7979
38178 7 1 5320
38230 14 6 7568
38496 17 13 4370
38836 8 19 4706
39215 8 0 9273
39406 2 7 6689
39497 10 9 7907
39684 6 12 9537
40074 3 5 5753
40646 19 14 7865
40829 1 8 2184
35797 8 7 9792
36130 17 14 4372
36383 7 6 6249
36842 0 9 8098
37077 19 2 6708
37101 5 8 6240
37413 13 12 9155
37921 9 8 2367
37930 10 19 1960
38028 14 5 5291
38328 0 3 4326
38424 2 15 4672
38437 2 11 451
38876 3 18 2551
39359 12 7 690
39728 4 5 5464
40014 14 10 1239
40080 14 17 7389
40151 8 18 6518
40748 3 18 8425
36456 5 18 4059
36890 15 13 4877
37335 3 14 9239
37659 8 1 2729
38230 15 12 9818
38754 6 8 4283
38922 0 11 1105
38960 0 6 7798
39116 11 15 5785
39408 19 15 1436
39890 15 4 2771
40031 10 13 3244
40461 3 0 4137
40739 14 18 9285
41155 14 8 9834
41540 11 14 8621
41956 15 17 5484
42331 11 2 7344
42819 10 9 3576
42895 11 18 7699
36730 3 13 4965
37124 12 19 9109
37480 11 14 9497
38080 0 4 8046
38371 14 4 6024
38635 10 5 7050
38697 19 2 3862
39230 6 0 9536
39351 8 2 3019
39433 10 3 5567
39540 17 3 9784
39919 7 12 4387
40445 16 1 4326
40662 7 19 8202
41058 3 6 1096
41067 19 18 346
41129 5 18 2651
41476 1 14 7968
41657 6 5 8457
41900 9 11 6940
37381 7 14 5469
37430 15 10 6328
37523 0 9 6783
38117 7 5 3234
38125 17 9 4283
38388 18 17 3994
38576 14 13 9267
38846 7 11 9387
38888 16 17 8482
39422 13 14 5915
40008 12 17 9842
40270 10 6 3604
40860 1 17 8023
41079 10 17 8940
41503 18 7 7655
42058 1 6 6460
42529 12 3 4078
42773 6 11 8988
43320 0 4 658
43452 16 7 7378
38048 0 6 3112
38610 6 19 1763
38748 1 4 3937
39156 12 15 4047
39388 10 13 1156
39753 11 9 4406
39787 0 4 9180
40352 19 16 7448
40526 2 10 9508
41092 2 17 4840
41120 10 0 83
41703 2 6 7159
41912 3 6 9881
42430 12 6 9689
42935 9 17 288
43470 4 5 1936
43530 15 8 2496
43646 12 15 8992
44059 7 3 6133
44538 2 18 6011
38437 14 8 9019
38695 15 4 314
39230 6 2 4053
39368 11 13 8934
39608 3 14 9198
40196 3 12 5980
40649 12 5 3010
40879 7 17 286
41369 19 11 3817
41506 7 18 6448
42013 8 18 1723
42035 16 13 9942
42332 19 4 7956
42822 14 4 2446
42884 14 15 1542
42901 18 10 6245
43311 3 17 4709
43762 6 17 2990
43896 19 0 8492
44026 1 12 1018
39315 1 9 5504
39901 2 7 1826
40494 6 13 2034
40876 16 18 8408
41317 7 5 4143
41527 5 19 2826
41901 12 3 3114
42466 17 13 3024
42890 16 8 5297
43153 18 6 9148
43721 0 9 8240
44280 7 2 1017
44589 17 14 1407
44942 12 7 3009
44948 15 0 2503
45275 11 10 7612
45297 0 11 7076
45510 12 17 5689
45561 12 1 8852
45700 17 8 8535
39889 10 16 4488
40298 2 4 9796
40497 7 3 6447
41014 6 11 6991
41519 10 7 8439
41860 18 17 2609
42370 15 10 1317
42827 5 1 2336
43322 0 10 4052
43746 10 0 6400
44110 16 9 9802
44414 19 16 8979
44805 10 0 4019
45224 5 8 1770
45260 13 18 8355
45600 2 18 5134
46186 11 10 4158
46519 3 1 81
46879 15 11 4555
47182 3 18 9937
40209 10 13 9288
40588 8 19 5693
40839 1 16 6371
41301 5 10 3537
41486 1 10 964
41666 17 19 8104
41848 3 9 569
42416 14 11 9938
42999 17 16 9051
43269 5 11 7640
43751 13 7 233
44345 17 18 2939
44552 17 11 2515
45041 1 15 9164
45481 4 3 7494
46006 3 8 3601
46306 4 8 4270
46787 8 2 3134
46857 12 18 1497
46880 15 7 8854
41067 16 13 8838
41645 7 17 5368
42032 17 12 1884
42605 2 16 4737
43058 5 3 4295
43106 9 13 9117
43306 16 7 5867
43410 2 16 2817
43874 18 8 4886
44345 13 1 2443
44409 4 10 4830
44944 12 16 16
45280 10 13 1678
45731 7 8 524
46297 18 19 1620
46557 12 18 6856
46630 9 8 3632
46866 1 17 2302
47390 2 1 7251
47772 19 1 8082
41667 9 2 4458
42236 2 7 9666
42744 3 9 9282
42884 0 5 3211
43421 19 8 1180
43653 17 8 9966
43985 8 17 1787
44033 12 10 9390
44241 18 6 3358
44775 14 12 2731
45281 9 1 6564
45716 18 19 4205
46227 10 11 1201
46516 19 0 5961
46666 9 3 4492
46762 12 10 7371
47251 15 10 8405
47253 15 4 4538
47293 17 19 5969
47386 1 13 2636
42521 3 4 2959
43074 0 13 5816
43631 6 18 2421
43999 17 8 8277
44414 10 16 9330
44445 0 2 5309
44678 13 16 4689
44897 16 9 7372
44939 19 5 8831
45049 15 0 4298
45378 6 11 9828
45501 2 10 1215
45971 14 12 9082
46395 13 15 2246
46828 1 4 7255
46959 7 6 757
47371 2 3 2341
47971 18 0 5604
48466 13 16 4678
48477 0 1 4111
42720 4 13 5226
42846 5 1 6452
43387 10 3 6220
43736 14 2 6611
43788 7 12 6494
44150 5 7 9746
44693 18 19 9920
44693 1 7 5578
45142 1 8 7335
45184 19 8 9081
45480 8 19 7093
46079 10 1 2828
46473 15 0 249
47042 18 3 9772
47204 14 5 9544
47377 1 5 5002
47861 18 2 3543
47954 7 11 4627
48356 13 5 3068
48434 18 10 7205
43632 9 4 434
43949 14 6 6288
43979 3 14 7500
44067 10 18 5658
44599 5 16 49
44735 0 8 1853
44812 17 9 9355
44866 19 18 6029
45113 14 5 1891
45599 2 4 7474
46157 4 6 2741
46731 9 16 2507
47196 2 14 2039
47293 7 2 8255
47353 9 6 9192
47440 15 0 907
47774 3 12 1989
48238 4 5 9679
48522 6 3 4029
48950 18 5 1974
44315 0 13 9764
44349 16 7 8951
44523 10 17 7388
44906 18 12 7270
45068 17 0 1482
45340 13 17 1374
45359 17 18 3469
45884 15 11 3675
46150 9 14 9995
46547 5 9 6905
46679 11 15 7035
47041 0 11 7499
47470 1 4 3221
48028 12 7 5683
48103 4 19 2861
48106 13 9 4279
48295 8 17 6100
48334 1 2 4360
48724 13 14 4318
49045 8 17 6028
44636 14 2 5122
44847 14 9 5296
44954 4 2 3221
45197 10 4 883
45274 14 19 4146
45791 8 17 7884
46088 7 15 6112
46640 14 8 1192
46660 12 4 2952
46760 15 16 2610
47342 7 15 3618
47630 10 3 6606
47973 16 4 5934
48377 8 10 1362
48618 14 0 8887
48921 4 18 7323
48974 5 14 2120
49344 11 9 5552
49581 8 18 8081
49687 16 12 4376
45106 19 2 1986
45377 11 5 538
45802 12 18 2468
45822 10 3 5972
46399 9 6 1447
46684 14 2 2059
47072 17 5 9257
47115 3 18 4572
47137 13 10 7249
47524 9 1 3596
47680 4 3 4917
47737 1 18 4723
48139 1 10 2173
48486 4 11 7610
48957 12 10 3946
49481 2 12 9140
49675 10 8 558
49976 6 16 6383
50211 5 7 2756
50463 2 5 5006
46152 5 1 5820
46489 2 13 491
46539 10 6 9966
46914 15 0 5479
47086 7 6 9190
47516 14 7 1170
47934 18 13 4471
48096 11 15 4253
48282 6 5 5644
48406 7 6 3268
48832 8 15 7989
48999 0 15 7266
49492 11 2 1277
49718 5 9 3553
50236 8 0 9482
50505 15 3 903
50829 18 19 310
50935 9 2 2682
51218 5 7 634
51782 16 5 176
46507 6 3 811
46883 18 14 8780
47384 18 10 1775
47735 14 2 6096
48159 5 17 5075
48343 12 17 3182
48553 13 19 2473
48824 4 3 9678
48995 6 11 32
49595 10 14 304
49966 11 4 8557
50375 6 11 6023
50833 8 19 2762
51309 4 9 8975
51738 11 12 2785
52317 12 17 7227
52791 6 18 3515
53296 17 5 7064
53702 14 4 9762
53756 16 18 5747
47168 5 16 5994
47518 5 18 4605
47848 7 6 3529
48210 2 3 8991
48361 9 16 7023
48858 18 9 9625
49124 12 15 6740
49264 1 4 8056
49770 18 19 1738
49952 4 19 3613
50005 11 1 131
50207 4 15 3567
50649 1 4 3420
50729 8 16 3094
51297 11 17 9562
51404 0 7 1507
51821 1 13 3315
51961 8 2 7975
52087 18 16 5176
52312 13 9 1055
47649 11 1 3738
48201 15 14 1588
48423 3 2 803
48503 12 8 5328
49097 4 16 3862
49344 3 12 1126
49863 6 14 8969
50075 8 5 5474
50260 12 19 16
50670 12 3 8625
51245 17 15 9384
51649 8 5 9022
51803 3 8 1151
52074 16 5 2248
52221 7 9 9836
52568 7 18 5973
52777 2 17 7918
53201 8 2 885
53600 4 0 2255
53965 9 19 6908
48094 9 7 1432
48261 5 7 1929
48660 19 12 7853
48718 2 15 4785
48804 1 17 3635
49120 11 8 7259
49663 7 19 8257
49726 10 11 6659
50190 17 6 2580
50663 12 8 374
50801 14 4 8020
51140 6 13 9143
51455 14 15 3227
51500 0 13 4640
51954 0 7 6484
51989 19 8 9950
52032 13 14 7243
52266 10 8 1457
52514 17 6 9995
53025 4 8 1814
48940 19 1 3001
49222 17 6 3249
49355 8 4 8063
49424 14 18 4246
49475 19 7 3052
49507 0 18 3353
49697 11 5 7646
50218 5 6 8338
50716 12 17 1913
51302 4 11 2487
51367 16 13 9695
51896 15 17 8102
51896 4 10 95
52368 17 9 6166
52472 5 0 3000
52981 16 8 7061
53404 4 3 8719
53917 16 15 5507
54361 11 8 1837
54399 17 0 2029
49667 0 2 1970
49784 3 18 5599
50357 11 1 5852
50400 6 2 9732
50827 17 8 3203
51295 14 0 4352
51562 15 13 9219
51608 6 2 6491
51850 2 9 7972
52382 0 11 5540
52958 9 11 6674
53522 17 0 3277
54051 15 19 322
54065 1 13 4313
54457 4 7 2079
54685 14 5 5544
55213 18 5 2578
55462 12 5 6950
55651 10 9 203
56132 11 6 9431
50224 7 9 3654
50798 4 6 5856
51339 10 12 6930
51866 4 3 2654
51946 13 3 9220
52010 13 0 5352
52111 3 9 6615
52263 16 15 7363
52380 13 2 4374
52846 9 16 1857
52921 12 15 2510
52924 10 19 8160
53013 2 10 9375
53214 17 6 8775
53253 5 17 7113
53373 13 14 3849
53602 5 2 6424
54095 3 9 7179
54616 18 15 8431
54864 1 0 4853
50988 2 13 5703
51555 7 10 8400
51674 11 2 6862
52183 17 14 2726
52221 18 0 101
52274 6 10 7100
52782 12 16 1437
52864 1 6 2173
53186 6 18 1745
53260 18 13 8538
53400 6 11 8756
53446 8 6 4490
53677 19 7 795
53940 7 1 8119
54004 6 2 581
54051 13 6 6939
54524 2 14 5038
55020 17 10 821
55239 2 18 375
55572 10 17 2205
51514 4 14 3439
52032 13 5 2787
52167 19 10 6970
52350 9 11 7486
52720 10 8 7950
52827 11 1 106
53270 13 16 2598
53447 8 18 1456
53958 8 14 5728
53967 19 17 5959
54324 0 7 3454
54467 5 1 6392
54613 15 14 2976
54967 7 0 327
55098 4 13 7368
55349 13 2 7411
55816 4 1 4995
56127 16 14 6065
56719 6 13 770
56990 7 17 7581
51915 18 16 9657
52051 16 3 5867
52619 9 7 6099
52932 5 1 1222
53458 7 17 2399
53836 10 6 2488
54056 15 19 8123
54181 8 11 3906
54603 13 8 2390
54820 2 15 9844
55128 1 5 6421
55266 1 3 2969
55712 17 0 5538
55939 19 6 7292
56047 4 15 9844
56357 18 16 8573
56791 11 2 3736
57386 5 19 5263
57619 8 11 7883
57740 1 17 8137
52628 18 12 8419
53227 4 16 692
53255 5 15 4154
53667 3 17 1956
54025 15 12 7284
54519 16 2 9163
54848 4 14 352
55359 17 10 9364
55795 18 15 5362
56271 11 9 3950
56569 19 3 8353
56988 13 1 6450
57342 4 12 2945
57641 0 1 432
57850 15 7 4925
58077 18 16 6193
58493 15 13 3232
58920 15 17 1116
59217 0 6 9611
59435 8 13 9418
52909 16 3 9034
53372 16 0 6367
53874 10 9 579
54099 0 6 1856
54498 0 12 280
54754 9 18 5684
54979 13 17 6826
55036 17 8 8294
55194 18 17 4768
55697 19 14 6492
56148 6 19 9689
56559 11 9 3576
56705 6 1 46
57032 7 17 6105
57441 16 17 3474
57670 0 8 9816
57804 4 2 8552
57867 15 11 7517
58257 9 2 110
58502 5 4 2567
53831 16 10 1958
54106 1 10 1826
54126 3 6 3365
54240 15 16 5531
54633 14 9 5647
55083 13 8 9732
55198 1 18 8973
55789 3 0 2393
56323 5 11 3771
56347 14 12 8236
56426 17 3 5625
56929 9 12 9729
57387 2 0 2438
57956 1 10 1909
58280 11 17 6574
58303 17 6 4110
58420 13 10 3936
58788 10 0 7520
58876 0 9 5153
59363 3 13 2548
54311 5 18 3890
54465 14 7 1637
54708 4 3 2846
55200 10 14 2159
55280 17 3 245
55610 17 9 7844
55874 12 8 5712
56195 6 11 178
56725 13 14 7292
57292 5 4 2417
57525 5 17 385
57640 9 8 8076
58080 0 5 3639
58461 1 19 7480
58697 11 14 830
59185 17 14 2657
59443 17 8 6924
59734 9 6 4113
60167 16 15 5646
60532 14 4 8819
54764 8 9 8805
55279 4 1 6399
55324 10 19 8770
55726 11 19 8068
56113 15 6 3019
56163 13 12 1227
56321 8 2 2963
56755 6 3 4936
56853 15 0 6018
57322 10 0 9739
57427 2 13 4234
57659 17 13 1797
58046 0 18 6983
58442 6 5 8709
59014 13 8 3276
59350 7 11 8155
59893 15 11 1147
60291 10 8 8219
60644 11 17 7004
61132 8 9 4438
55299 9 1 3078
55535 18 1 4570
55769 9 0 6854
55834 16 0 6016
56419 13 14 1932
56892 18 3 1589
57190 3 6 4278
57616 18 12 7835
57782 6 11 4639
58179 4 5 5041
58195 5 10 3943
58332 17 15 5171
58565 8 5 7158
59142 4 3 7636
59258 1 9 7128
59702 4 1 5413
60106 13 12 8156
60220 12 0 6248
60462 4 2 7143
60613 15 6 3590
55910 3 12 5156
56179 8 17 2730
56477 17 3 9968
57043 15 13 5688
57321 4 12 476
57854 17 0 8520
58419 19 0 1747
58439 11 8 9361
58865 6 16 2943
59388 13 18 7584
59400 10 0 7036
59871 14 16 9581
59986 16 1 3369
60326 0 6 8379
60360 0 2 1590
60411 2 14 66
60421 12 6 3648
60809 3 1 8262
60971 7 12 3567
61143 7 8 3294
56588 14 11 8464
56932 4 5 7641
57452 9 15 8162
57973 2 7 3417
58377 19 9 63
58799 7 5 7056
59295 19 9 9835
59620 3 19 9159
59806 0 4 1680
59940 15 1 6881
60336 5 4 9261
60875 8 5 8019
61419 10 18 6038
61779 1 12 2417
62144 1 12 2244
62194 9 13 2876
62453 12 6 1814
62900 5 11 9556
63258 9 18 5732
63642 12 4 5010
57492 13 15 8956
57711 8 10 6080
58048 1 4 6751
58617 5 11 4472
58816 17 15 7206
58854 13 15 1498
59105 14 12 7074
59361 1 14 7505
59937 17 1 8470
60526 4 11 4900
60601 7 13 466
60779 10 17 4671
60795 16 13 7488
61355 14 13 343
61469 19 6 5357
61839 8 11 5280
62338 3 19 5069
62544 16 13 5973
62869 12 0 4741
62976 4 18 7775
57857 16 5 2084
58365 14 10 605
58370 4 14 8163
58887 13 14 2458
58954 18 1 1392
59448 2 7 229
59817 19 1 8482
60372 5 3 1182
60895 14 13 410
61468 0 19 349
61590 12 19 1542
62095 13 2 8886
62533 5 19 3183
62848 11 16 9255
63185 2 5 3657
63263 7 19 9871
63795 18 3 2641
64187 0 19 4513
64683 10 17 739
65249 16 12 6221
58473 12 10 8864
59006 16 3 8778
59484 3 0 6502
59975 16 5 8460
60310 19 12 7169
60829 6 1 2476
61162 2 16 6495
61725 6 15 3311
62040 18 9 939
62448 12 17 285
62515 13 4 3129
63048 2 19 7738
63484 17 5 4885
63773 1 16 4334
64244 0 7 1321
64820 2 14 5406
64923 2 14 5449
65168 16 15 42
65363 2 4 8772
65838 9 0 1262
59004 16 3 5506
59206 1 4 4216
59210 11 16 9627
59687 7 3 9260
60057 1 9 6314
60446 15 19 3991
60666 3 14 2035
61218 16 7 5709
61683 11 13 5967
61792 3 15 257
62108 5 10 1060
62677 14 8 4367
62899 14 0 4754
63450 9 11 7011
63671 5 19 1258
63795 1 10 5300
64220 11 0 8312
64737 4 17 5798
65189 6 19 2706
65679 18 13 9814
59733 1 16 8950
60052 7 5 535
60229 4 18 2651
60597 11 6 136
60781 11 19 8605
61247 12 9 4494
61390 7 14 9720
61445 14 5 1566
61673 4 11 2045
62027 6 9 6470
62501 18 7 9520
62769 5 0 427
63292 2 4 2870
63572 19 5 2652
63719 17 8 2196
63990 9 17 7079
64531 1 15 5393
64930 6 15 2091
65387 0 18 4841
65432 9 17 7041
60467 5 12 408
60569 6 13 6899
61036 16 12 4257
61126 5 1 8587
61705 1 11 5906
61947 13 8 5518
62124 2 7 8145
62247 4 11 7868
62720 3 6 2965
62988 0 9 1285
62992 2 19 5507
63525 8 4 9938
63673 4 0 3754
64191 15 18 3556
64732 8 16 6808
65248 0 8 9680
65383 17 9 897
65690 15 18 2387
65841 6 4 4131
65894 11 2 1027
60736 15 11 6434
61239 1 7 8640
61720 14 16 6900
61992 5 11 3207
62342 17 7 4859
62690 11 9 5729
63031 8 3 882
63484 12 15 6440
63880 12 17 3957
64006 3 19 8606
64151 14 19 1332
64358 9 10 1694
64828 19 3 2523
65390 0 19 1997
65971 1 9 976
66001 19 3 115
66388 10 1 5513
66879 10 12 6646
67167 0 5 5636
67762 3 5 4026
61773 15 0 4168
62052 15 10 9609
62060 11 2 8615
62069 16 14 7495
62237 7 17 7643
62364 2 3 1261
62541 5 8 3891
63058 16 8 2887
63514 13 2 9965
63809 5 4 1639
63910 19 13 8089
64478 3 19 3037
64688 11 12 4603
65012 3 6 6182
65562 2 9 7211
65617 0 11 5041
65817 3 11 3156
66237 14 16 3203
66501 16 7 3522
66937 1 16 906
62169 1 15 1862
62413 9 4 4869
62540 16 17 2477
62556 15 3 8713
62974 11 13 3162
63353 1 2 6857
63601 2 0 8265
63642 4 16 7376
63772 7 15 2956
64164 11 1 4725
64236 9 6 3321
64645 13 6 3510
64806 16 12 9792
65015 18 3 2418
65195 6 5 8172
65555 19 0 4166
65794 13 8 886
65850 15 19 4166
66107 2 3 1605
66245 10 8 53
62981 7 6 2125
63007 5 13 8448
63041 16 3 8405
63565 16 17 8288
63941 6 5 3097
64491 6 1 6021
64662 17 4 3581
65130 17 0 436
65707 7 9 315
66141 18 10 9091
66447 16 11 137
66809 11 5 4829
66846 12 14 164
67100 12 19 1202
67383 2 18 9944
67659 5 19 7574
68213 19 18 8238
68583 3 11 9041
68892 9 13 2794
69302 0 12 2964
63317 8 7 1007
63732 11 18 4987
64014 11 19 4449
64187 19 4 2102
64227 0 1 6852
64286 12 17 3398
64501 0 9 7849
64584 16 8 8188
64697 2 3 707
65159 9 3 3658
65415 0 11 4421
65804 7 6 3275
65952 13 14 8691
66324 0 8 1974
66733 0 4 4488
66796 16 1 5881
67095 15 13 3965
67363 12 11 5172
67910 16 2 9919
68331 0 6 5332
64119 6 17 2446
64386 14 7 7933
64898 7 13 4390
65456 8 7 2549
65904 13 1 8419
66398 12 15 6652
66500 12 17 5462
67056 11 19 7517
67358 15 4 6164
67552 3 7 1880
68147 7 11 2523
68247 5 0 1776
68415 6 16 9470
68741 7 0 5588
68971 4 9 3053
69468 12 15 1018
69550 13 8 5358
69834 9 14 5090
70171 7 8 7393
70288 15 11 5327
64308 14 12 208
64469 14 12 523
64740 1 9 2154
65112 18 8 2650
65348 18 17 2087
65573 9 2 4786
66135 14 17 9703
66267 1 0 2147
66276 19 11 8622
66531 14 13 6368
67102 7 5 3657
67331 17 15 8316
67694 18 16 1222
67937 8 9 4111
68513 10 12 151
69078 12 4 2841
69079 16 10 7419
69511 11 10 3401
69552 1 14 5835
69621 15 10 1413
64976 3 14 8794
65243 1 16 2374
65296 16 15 9379
65484 17 13 895
65772 16 9 8329
65950 11 14 6581
66452 12 1 8632
66875 17 5 9543
67293 11 10 2617
67446 17 0 1841
67770 12 6 7909
68050 10 15 1327
68406 19 5 6689
68774 9 19 4645
69174 9 7 4664
69281 6 13 1384
69777 9 4 1153
69861 10 1 1828
69887 2 6 9986
70441 17 11 901
65787 1 19 1345
65922 15 10 5444
66180 8 7 1688
66328 10 14 1651
66868 17 10 3029
67460 15 9 4840
67725 17 0 1110
68244 16 1 8107
68785 13 12 9689
69099 4 0 9670
69612 13 18 3791
69814 15 6 9593
70182 13 9 9715
70362 19 17 2083
70808 0 19 5581
71163 15 16 7269
71615 13 19 7322
71817 9 13 3687
72050 6 12 5295
72452 2 3 4321
66023 13 17 6373
66257 4 8 7304
66734 2 4 325
66850 9 11 871
67259 6 11 6768
67430 7 2 3128
68018 7 18 8455
68321 14 16 4130
68888 17 14 8334
69006 3 16 4356
69026 1 11 5789
69423 13 8 4731
69647 2 18 9349
70154 8 9 1050
70247 12 19 2710
70444 14 10 4056
70897 13 11 1540
71464 14 11 6238
71482 10 16 239
71537 1 9 8981
66775 7 2 5421
66970 9 7 4387
67298 7 11 6267
67363 11 16 1457
67746 8 14 8835
68002 14 8 2136
68223 11 14 3692
68603 6 9 2030
69064 5 4 9056
69201 4 5 5410
69305 18 6 4427
69336 5 1 7062
69690 0 6 4383
70189 14 9 6895
70558 6 15 4970
70891 14 10 7072
71451 17 6 9715
72044 4 16 5735
72050 2 4 621
72346 12 3 1425
67684 0 17 6809
68200 4 7 9467
68351 11 18 8695
68391 17 14 7769
68436 5 13 2148
68493 3 1 2661
68715 13 4 5957
69013 0 14 6771
69537 14 2 9005
69823 17 5 3057
69969 2 16 8986
70566 0 12 5181
70998 16 3 4043
71545 12 3 5688
71907 5 17 4300
72190 3 4 8858
72496 7 11 319
72635 14 2 4620
72753 1 18 3795
72965 19 18 4338
67949 18 12 1758
68244 11 15 8714
68503 8 17 9007
68970 12 1 285
69145 4 14 4327
69183 13 11 4238
69761 13 14 7096
70010 17 16 1499
70139 16 17 8125
70395 7 8 4179
70822 6 18 581
71290 6 12 5589
71691 2 6 6498
71836 0 14 7520
71904 10 0 4515
72006 12 8 9127
72107 17 13 4450
72293 6 12 8547
72410 2 5 305
72943 2 13 5496
68601 2 3 9034
68696 6 3 5060
69096 6 12 6376
69628 8 3 7973
70045 0 14 4545
70386 9 2 7490
70760 13 19 1992
70952 17 12 6991
71002 12 19 5983
71019 5 2 6108
71137 6 7 3662
71219 15 2 268
71756 13 10 2615
72080 11 0 1807
72585 11 0 2424
72997 19 17 5104
73540 15 2 8847
73650 12 16 6414
73704 12 19 8169
73759 14 3 7525
69053 16 0 4402
69181 2 0 9622
69305 18 9 2013
69817 8 18 299
70041 2 18 8125
70100 16 17 9079
70210 13 4 1677
70680 14 10 8834
71019 0 9 7059
71283 1 9 1485
71501 19 5 7517
71687 9 16 2386
72070 12 1 4713
72466 3 6 4776
72993 13 12 2205
73575 11 15 1812
74030 11 7 3689
74356 0 5 8281
74689 12 14 7650
74886 0 10 5145
69850 7 4 5883
70097 12 9 5152
70495 10 7 9435
71050 19 13 7368
71133 17 14 7124
71612 16 17 4824
71913 2 6 961
72179 3 8 1171
72517 19 16 1459
72608 0 3 6279
73124 19 5 6096
73138 0 12 3339
73492 8 9 8807
73871 4 9 3395
74006 8 5 7224
74535 10 0 499
74799 1 17 2986
74902 9 8 9405
75028 6 9 7224
75059 13 1 9683
70307 1 2 9626
70608 5 10 1314
70942 14 2 2258
71237 18 6 5346
71772 7 3 46
72295 2 17 1368
72778 0 10 7742
73112 8 10 3021
73163 8 6 8633
73658 19 17 4035
73705 19 3 3890
74056 13 16 5591
74249 13 18 3095
74588 7 6 9048
74624 5 4 375
74888 18 0 3795
75195 4 13 22
75419 10 8 8739
75979 15 2 186
76408 14 3 7312
70895 19 11 2648
71351 10 18 934
71652 1 10 8629
72206 5 4 2333
72749 8 17 4237
73182 5 18 2139
73322 15 10 2301
73563 11 6 7768
73740 19 6 7522
74043 15 13 5638
74261 4 14 1708
74776 18 6 9270
75076 3 14 8060
75408 11 2 3691
75811 12 18 2738
76107 19 4 5606
76344 19 3 9575
76849 5 1 4974
76941 15 6 970
77525 15 5 4061
71438 0 18 5503
71609 10 8 2664
71964 9 11 445
72165 14 11 6309
72287 9 8 3411
72422 9 12 3189
72779 16 18 1810
72915 6 3 8700
73274 10 2 1198
73437 0 3 866
73765 10 18 1413
73939 14 1 9368
74135 3 12 5263
74302 13 7 112
74864 3 10 5998
75196 5 16 3011
75759 18 6 5431
76223 14 19 8135
76279 19 2 7134
76522 14 4 6429
72545 16 6 1637
72576 15 0 2238
72846 16 1 64
72987 11 10 4489
73045 19 3 6388
73240 15 19 5429
73561 7 9 5693
73583 16 10 7112
73945 18 7 933
74248 11 1 3598
74315 9 14 4053
74596 17 11 7265
74928 5 6 2825
75233 17 19 5639
75267 11 6 1316
75505 4 9 8386
75679 18 19 7396
76057 7 15 2557
76069 0 13 8715
76585 1 13 8654
72717 2 11 217
72876 15 16 9518
73188 13 17 3679
73772 2 16 8984
74222 0 9 4308
74427 16 18 7810
74442 0 10 3289
74552 14 7 2271
74975 1 4 8172
75146 10 5 7135
75388 11 5 9657
75664 9 18 6115
75879 8 2 6236
76064 12 0 9609
76455 13 17 9114
76536 9 1 9102
76756 18 6 6510
76924 12 18 6140
77443 3 10 9469
77645 19 0 8129
73382 15 11 7358
73564 6 0 5269
73681 12 3 7377
74257 2 1 2772
74361 9 13 835
74681 12 9 7201
74758 6 17 2836
74820 13 0 4412
75053 1 18 135
75066 5 4 3633
75083 11 3 6614
75625 13 17 5404
75688 0 2 6810
75932 14 2 9554
75995 13 7 1209
76372 17 15 1497
76972 18 13 3205
77200 9 0 3035
77397 3 16 1153
77942 6 19 9368
74219 9 18 1329
74239 5 18 8591
74537 4 12 4492
75075 7 2 4429
75446 4 17 8820
75469 12 11 698
75911 12 5 657
76146 14 2 4889
76350 16 9 5474
76790 0 14 1183
76901 10 13 8609
77439 17 7 1918
77971 16 8 7085
78530 10 14 9314
78744 3 16 6188
79260 2 6 5159
79268 18 0 7551
79410 19 7 3547
79544 2 16 9874
79593 18 16 4834
74583 1 4 2406
75167 7 0 1573
75646 4 19 1205
75825 14 12 5940
76296 8 4 4485
76712 8 1 9338
77198 14 18 9994
77478 15 8 7018
77546 9 19 6260
77740 2 13 6107
78027 15 18 772
78598 19 17 2049
78906 3 5 3650
79252 8 4 6077
79533 14 16 9993
79725 0 2 6527
79750 4 8 1620
80095 17 0 908
80393 14 5 1692
80500 0 13 10
75100 3 0 8850
75227 16 0 9929
75469 17 0 9153
75912 14 5 6940
76345 11 7 7027
76533 17 4 4574
76536 18 16 2575
76598 11 9 7395
76806 19 5 4681
77367 9 5 5295
77659 6 11 6587
78128 2 6 90
78381 6 10 2727
78889 19 16 6849
79090 18 11 8083
79143 14 8 5701
79286 8 1 6205
79629 17 18 233
79781 2 14 9927
79840 4 9 9042
75687 12 18 2533
76180 4 3 6190
76702 13 17 6042
77020 10 2 8584
77463 18 2 6837
77634 12 0 7966
78225 3 9 4004
78372 17 4 6744
78846 3 9 2971
79099 18 15 5032
79121 17 10 2479
79566 16 6 7931
79774 2 17 6999
79985 8 17 7460
80152 3 13 4993
80712 17 18 1138
80757 15 3 1342
80807 4 11 5250
81283 14 10 5878
81311 4 1 1711
76487 12 16 4228
76825 2 5 4931
77220 17 2 8188
77578 19 0 8099
77656 6 9 1437
77703 18 19 6741
78024 9 6 6528
78092 13 17 6450
78170 12 1 8807
78661 17 9 1571
78958 11 18 5558
78987 2 1 1279
79472 16 15 1957
79554 6 19 7770
79637 1 2 9470
79936 10 1 5081
79958 13 6 4398
79966 1 9 2614
79997 6 1 5529
80549 18 1 8404
77373 11 1 1019
77733 12 17 5909
78287 3 5 6603
78641 10 17 7981
79237 1 19 1711
79602 11 5 4220
79939 5 1 7109
79981 12 14 4145
80383 14 13 3934
80531 17 4 5831
80595 17 16 3950
80739 13 2 7236
80739 16 10 4346
80915 1 6 6364
81079 19 7 1071
81091 15 9 6367
81119 13 14 3284
81394 19 15 782
81511 15 16 5747
81635 16 4 7812
77860 0 9 4043
78095 17 19 2206
78493 6 7 3825
78944 16 6 8439
79451 4 2 7465
79727 3 6 837
80193 10 3 8136
80424 8 0 1629
80429 5 6 1804
80637 15 11 5746
80903 19 6 3709
81406 7 18 6666
81767 11 10 8507
82037 12 4 3690
82419 9 14 3935
82504 16 11 5185
82926 9 3 3700
83123 6 18 5297
83172 0 10 8402
83320 0 14 7424
78177 4 0 3950
78734 18 7 1769
78970 10 8 8103
79335 16 2 4731
79745 10 14 2722
80289 10 6 2220
80510 10 6 8932
81033 16 14 9395
81319 3 12 1688
81805 7 18 6179
81907 11 19 3795
82224 10 11 4217
82442 15 16 6944
82753 10 17 453
83107 17 2 1622
83679 19 0 3632
83718 9 6 8712
83827 8 17 5842
83998 18 17 3376
84198 18 9 9320
78891 14 16 8652
79034 18 17 4407
79621 1 9 6712
79623 13 18 7853
79955 6 11 1770
80065 2 6 9948
80554 5 1 599
80624 7 9 2022
80842 18 19 2791
80927 13 10 4941
80996 10 18 6526
81510 0 7 6856
81917 18 5 3074
82419 1 13 2474
82913 4 18 6645
82975 1 19 6495
83167 19 16 4210
83669 11 16 4237
83769 2 3 8018
83945 10 13 5370
79421 7 17 6474
79532 2 6 5367
79649 5 10 1075
79815 16 7 4845
80264 4 17 1730
80289 11 8 9864
80628 8 0 3454
81185 12 14 9050
81651 15 18 5523
82147 4 8 4663
82663 18 14 9133
82782 6 1 9494
82862 12 16 5077
83102 5 16 423
83417 16 1 5727
83917 10 14 5413
84492 8 9 5342
85070 17 11 8783
85233 7 13 9157
85288 10 3 71
80039 12 2 1254
80535 18 3 6048
81020 0 15 1771
81184 11 0 9138
81587 19 0 1041
82145 5 14 6659
82473 4 9 1768
82721 9 1 3250
83031 3 1 8212
83457 4 13 272
83823 0 7 5818
84042 4 17 6973
84518 3 2 5866
84840 6 5 3287
85073 11 0 5569
85219 15 0 9462
85249 13 5 3625
85449 12 5 1614
85584 2 6 4231
86090 16 7 1857
