527 15 56 5252
547 52 17 7808
899 16 19 1259
1238 50 55 5021
1263 6 11 1266
1823 47 17 4362
2360 48 50 3256
2943 33 41 8457
3445 41 35 2646
3630 9 43 7566
3980 4 43 6752
4238 43 18 6670
4565 42 56 1508
5036 15 19 6660
5342 21 17 2465
5524 25 59 8444
6094 37 15 5221
6492 11 20 6138
7003 43 5 8958
7019 8 24 8695
1017 17 56 569
1323 59 40 8686
1855 49 54 4409
2164 49 40 1690
2519 41 30 9489
2790 15 38 2019
3034 1 4 8768
3335 11 3 1341
3879 37 33 8390
3895 33 10 2394
4102 2 20 3103
4525 17 26 4016
4744 32 41 7070
4908 20 12 4766
5352 34 46 9279
5744 19 13 7922
5902 42 37 6662
6091 4 54 4847
6594 51 5 7496
6996 25 35 2979
1663 28 44 2187
1920 6 47 6014
2449 34 1 2257
2785 38 27 4883
2995 15 31 3215
3534 0 7 9349
4059 32 22 1977
4617 6 11 3221
5204 33 5 1345
5709 58 9 2563
6002 2 32 854
6413 51 23 7369
6652 11 20 1046
7017 31 41 7238
7432 21 56 2322
7984 32 51 5864
8392 50 1 4006
8667 52 50 6860
8954 34 6 1104
9337 45 34 9795
1877 40 25 8925
2237 12 19 2328
2433 59 1 3349
2897 59 35 8384
3140 13 57 7244
3246 12 58 3503
3561 50 46 8511
3966 33 55 1260
3985 35 21 476
4378 24 58 9781
4887 11 58 2320
5481 16 18 1336
6017 34 36 8794
6394 13 36 1900
6476 18 37 198
6892 5 34 1009
7231 56 43 4376
7385 31 49 7027
7606 57 52 8176
8105 59 2 1695
2764 53 45 4781
3253 7 31 1495
3324 12 1 7496
3897 44 18 2044
4261 56 6 5902
4488 10 22 2508
4533 19 39 7992
4855 35 39 7842
5031 22 49 5894
5318 50 15 4711
5415 49 13 4967
5929 18 28 9774
6380 35 13 4716
6761 12 6 2869
6785 4 29 8700
6940 30 34 8877
7230 11 52 7617
7546 41 29 6827
7986 45 23 5432
8569 58 36 2525
3199 3 56 3471
3597 30 29 5522
3624 49 52 9672
3878 8 27 1217
4086 32 39 5094
4136 29 23 3506
4320 1 21 7500
4894 0 55 4962
5004 3 21 474
5190 41 0 1950
5706 54 11 7208
6215 15 57 2703
6806 40 50 2846
7152 41 12 3932
7591 11 59 3210
8105 48 8 4829
8408 34 31 9691
8551 5 59 4022
9135 41 45 5171
9159 4 36 20
3860 11 53 9522
3876 21 46 9554
3982 28 11 3890
4483 23 57 9090
4588 52 25 5090
4847 52 55 3592
5431 9 1 6045
6015 56 25 4993
6266 19 22 2720
6714 13 3 2819
7114 29 55 4186
7430 4 19 6223
7841 48 46 5235
7986 58 59 5044
8050 58 9 6702
8088 2 19 8194
8198 37 18 878
8382 30 40 3942
8943 1 22 6831
9363 34 31 1830
4644 4 27 3327
5075 7 32 7090
5448 16 20 9007
5587 42 49 2820
5814 30 8 8693
5992 50 20 5486
6009 39 13 6446
6076 20 9 8053
6668 6 50 4253
7230 47 13 5638
7772 47 23 3762
8161 10 12 36
8254 23 6 529
8388 6 7 2697
8809 58 19 136
9345 6 8 4045
9480 16 46 517
9958 25 26 6462
10028 39 56 7531
10123 50 53 7373
5069 41 27 335
5624 48 26 6582
6088 41 32 1106
6484 12 19 8463
6643 44 27 6312
6869 10 55 2549
7313 51 34 3512
7482 47 36 4686
7723 37 20 9317
8055 23 8 9858
8633 45 36 377
9179 27 21 3499
9250 23 22 1862
9423 46 24 1038
9912 48 41 1546
10486 1 42 3620
10632 31 5 1864
10756 37 48 6333
10801 5 29 4735
11012 34 41 211
5642 25 16 3295
5711 22 35 8990
5872 34 7 4758
6187 20 57 9447
6432 49 58 1779
6980 19 27 5065
7550 39 24 1000
7584 18 41 6555
7616 40 37 8778
8215 35 17 1020
8521 48 7 6397
8922 5 4 4725
9206 14 15 9743
9586 31 13 7731
9743 40 55 8176
10292 25 24 3250
10412 32 1 6021
10574 41 16 6656
10783 43 25 5368
10849 41 47 3186
6279 27 57 9149
6767 28 37 3692
7308 39 28 3898
7659 36 47 8596
8233 40 18 301
8427 39 37 1409
8812 7 34 3107
9213 27 35 5377
9565 16 14 6797
10045 32 27 2878
10422 11 19 1235
10670 44 35 7223
11006 24 57 8403
11386 24 52 8459
11891 27 40 6936
12074 52 0 7476
12114 25 28 1169
12455 15 50 6153
12790 53 43 3566
12948 58 44 8800
7154 14 58 5814
7394 35 51 119
7800 27 17 4424
8229 18 54 2454
8645 26 5 7014
8812 50 29 3193
9199 24 27 9824
9299 34 39 6028
9557 13 2 5091
10088 42 17 4154
10495 40 10 4576
10536 16 46 72
11108 21 41 98
11695 55 36 3974
11815 50 57 4185
12220 11 52 6958
12353 39 11 1419
12878 3 27 8709
13198 47 38 8383
13576 27 54 5067
7776 43 28 874
8117 45 34 1769
8394 17 0 4242
8614 39 36 4551
9035 5 34 3890
9097 30 48 6450
9372 14 29 8589
9668 11 48 6821
9919 39 25 5870
10334 29 55 9435
10390 7 30 3565
10643 57 33 6420
10976 59 18 8494
11406 21 42 8336
11419 53 15 65
11843 26 37 399
12371 3 22 7121
12424 46 43 5116
12807 21 50 9906
13082 38 35 288
7875 43 45 3082
7926 8 11 7219
8436 9 33 9745
8846 33 56 3937
9432 22 27 1883
9495 32 35 9720
9796 44 1 8378
9869 32 16 1884
9898 13 33 8640
10465 35 47 756
10888 6 7 7847
11131 51 1 8919
11244 50 16 1952
11254 54 44 1894
11351 7 51 5761
11477 57 49 1652
11952 49 10 735
12233 2 19 926
12272 44 40 4696
12660 10 59 2969
8604 37 46 2707
8650 43 9 6427
8829 22 35 3648
9091 21 11 6785
9130 24 56 3540
9491 4 34 2958
9969 52 24 8585
10158 29 45 9852
10469 28 3 3982
10513 5 25 6055
10930 4 56 3778
10948 40 14 4948
11077 3 15 6076
11548 40 28 404
11565 11 6 7
11918 49 2 2895
11920 45 35 6672
12030 18 31 4714
12317 47 9 7046
12346 8 47 6952
9501 22 58 4207
9614 5 20 960
10101 10 14 3879
10474 47 36 460
10689 48 33 4223
11029 1 38 3977
11487 29 53 8468
11752 58 32 3005
11954 46 13 58
12475 32 20 2791
12531 24 12 1456
12752 21 1 9085
12755 7 55 8112
13122 27 20 2642
13351 33 2 1071
13943 42 46 5247
14253 23 17 4355
14566 17 40 2889
15112 21 26 565
15274 54 15 212
10057 58 5 9340
10549 2 45 1601
10900 27 9 1333
10957 8 19 3792
11484 54 41 8670
12079 40 51 7736
12427 56 9 87
12609 39 1 9125
12706 4 11 2841
13132 56 51 459
13179 37 35 3357
13776 19 28 1049
13945 36 44 3427
14421 46 19 1986
14843 26 40 7089
15042 48 54 8905
15456 6 34 8132
15825 24 56 4483
15971 57 4 6984
16142 34 35 2685
10322 38 47 7368
10430 57 36 1616
11006 29 36 2492
11434 45 35 1544
11538 52 15 7328
11595 51 19 6056
11758 14 59 8461
11905 21 2 5063
12477 1 19 4566
12937 22 9 9513
13372 18 58 6241
13392 37 43 8040
13427 2 40 1125
13544 57 44 2373
13749 47 14 1666
13999 55 32 9190
14203 36 52 3588
14327 1 34 6445
14370 29 2 8686
14444 12 44 714
11295 36 23 8357
11308 42 4 8368
11682 10 8 3166
12026 48 44 8792
12079 25 38 2521
12385 57 45 926
12624 0 7 9777
12880 6 43 2400
13319 2 49 5342
13519 27 11 4163
13679 31 11 5349
14019 46 55 3112
14112 48 10 6089
14705 27 44 1546
14842 31 38 2697
15189 52 33 8642
15615 13 32 3054
15854 45 3 3933
16069 51 5 2048
16408 36 24 767
11404 20 45 6805
11444 28 51 3739
11673 18 11 115
11859 45 29 1033
12118 39 42 6103
12522 18 33 8851
13065 6 10 3621
13220 15 29 7642
13355 39 23 5127
13880 31 51 4490
14040 41 47 4730
14048 16 57 6015
14495 25 0 4638
14902 47 45 7523
15300 42 1 1655
15881 46 28 4131
16467 0 6 8329
16946 56 24 4317
17043 0 30 8694
17487 56 1 2
12427 51 25 5781
12450 50 5 8791
12917 25 21 4628
13113 16 41 8736
13547 11 4 2644
13548 20 7 6723
14113 30 49 9541
14702 36 22 6360
15039 29 42 2476
15125 43 30 4548
15590 11 20 8397
15729 21 34 8448
15916 18 0 4734
16387 52 57 9536
16816 26 37 1564
16986 8 50 5838
17501 13 9 1978
17693 48 46 7238
17888 42 43 1640
18288 51 6 7505
12862 50 22 8685
12917 33 40 2069
13324 17 20 1590
13705 27 23 8674
13874 22 1 4629
14173 3 55 7057
14630 27 17 2632
15200 15 54 6299
15685 29 17 8366
16132 51 33 2345
16584 58 32 6963
16968 7 29 9906
17149 18 39 7973
17275 19 59 981
17434 25 1 737
17732 0 44 5184
18043 26 20 336
18491 44 35 5769
18549 43 47 9958
18825 54 3 6311
13310 36 22 3177
13518 27 25 7048
13929 10 13 138
14072 26 53 5085
14591 50 23 9931
14652 22 47 1898
15130 52 56 1080
15261 6 18 5616
15311 9 52 8916
15910 40 25 3733
16176 41 22 5586
16564 9 18 5838
16960 12 51 4964
17164 13 5 5788
17345 38 12 3584
17502 42 11 474
17735 32 9 3874
17868 51 55 2287
18228 19 29 858
18599 42 50 7941
14363 27 28 4194
14705 49 8 7409
14767 3 50 3795
15116 27 2 90
15384 7 3 1945
15651 18 4 6481
15844 15 52 58
16356 36 5 2664
16494 3 57 3924
17034 25 4 7305
17220 25 33 4709
17256 25 46 3302
17263 26 19 2201
17795 27 32 5285
17849 48 3 6023
18374 36 12 8296
18735 20 15 3274
18745 56 38 7733
18868 12 55 4192
19282 34 57 1077
14631 58 46 4614
14750 49 59 7977
14995 14 33 5063
15151 32 21 8902
15708 39 55 8265
16300 40 53 2517
16769 0 1 25
17138 40 54 1518
17731 57 54 9390
17944 26 36 1009
18108 38 58 456
18135 51 34 5659
18555 13 14 7494
18604 50 42 4409
19047 41 52 5330
19554 14 33 2409
19941 31 28 9222
20490 57 30 5148
20908 4 13 1029
21338 22 41 674
15467 56 20 2397
15646 37 24 2339
16112 32 13 0
16195 26 47 8362
16527 5 55 8914
17101 46 38 5192
17130 50 52 5805
17462 38 53 5536
17709 23 48 9678
18091 28 22 7818
18556 25 10 9592
19051 43 36 1146
19494 52 45 8598
19537 58 37 8929
19772 25 29 3598
20215 7 2 6025
20676 38 2 7333
21021 6 13 8092
21550 8 18 1939
21574 8 47 9584
15964 47 33 2762
16036 45 15 8580
16409 33 2 5621
16544 32 45 1762
17121 13 8 3808
17705 22 26 4279
18040 58 21 3864
18213 1 49 785
18282 15 42 602
18834 8 38 6091
19124 55 30 9659
19487 47 27 8661
19550 47 53 9305
19568 21 52 7343
19922 48 22 5015
20221 29 51 7603
20814 0 47 3217
20924 48 30 9647
21217 12 28 9248
21778 46 45 1880
16707 12 44 1619
17113 16 3 2582
17429 45 58 2715
17652 7 20 5535
17948 22 59 9802
17979 52 49 486
18296 37 31 8623
18718 42 40 1932
19209 39 7 7492
19575 44 14 7911
20165 50 45 7614
20394 26 4 2885
20544 28 3 2771
20944 37 44 9410
21336 0 46 9480
21383 38 3 6549
21850 52 56 2465
22303 1 57 5524
22853 45 46 8914
23213 23 44 6679
17053 48 4 8939
17498 57 9 1676
18096 18 1 4249
18650 33 32 2535
19071 46 44 1084
19512 44 27 3153
19891 57 36 8605
20004 18 36 6829
20541 14 15 5142
20943 10 51 1118
21218 42 37 3316
21307 25 4 8246
21808 48 42 6689
22164 12 38 5870
22754 44 20 5347
23152 42 54 2524
23276 34 28 321
23488 6 48 6837
23632 34 50 6588
23657 14 22 8683
17718 9 42 3023
17930 50 12 8056
18350 47 2 7337
18755 48 4 8837
18801 41 30 6572
19339 16 11 6401
19700 7 23 6483
19824 51 36 5497
19920 3 50 5448
20483 45 5 864
20790 21 50 4661
20963 54 4 7808
21171 19 53 429
21397 55 30 7190
21510 15 2 6368
21967 16 43 7976
22145 51 56 9412
22638 50 59 641
22672 50 26 4551
23272 28 8 1821
18336 52 33 315
18808 13 15 4504
18882 18 39 2479
19301 26 36 3092
19526 57 31 9231
19946 2 34 8264
20495 5 22 7250
20505 51 41 6433
21051 20 2 2098
21326 14 12 3033
21802 51 18 633
22382 26 7 712
22695 49 13 1605
23098 24 28 4908
23263 51 46 1453
23488 15 27 7888
23552 20 23 5896
23655 49 52 2641
24142 41 53 6809
24652 11 39 5457
18679 8 12 5154
19084 59 1 9323
19095 24 12 560
19303 24 12 3666
19359 16 2 2180
19586 45 47 257
19984 44 18 5965
20131 46 53 2448
20571 49 41 8679
20626 8 5 7178
20881 28 39 328
20991 26 30 7630
21426 40 11 7968
21667 42 31 780
22264 38 31 9551
22645 2 39 8993
23195 53 28 9385
23593 49 53 9204
23851 33 7 4369
24217 14 40 5830
19629 7 53 965
19907 25 34 2107
20495 21 26 667
20584 23 30 3644
20918 38 21 1413
21376 4 14 6741
21406 36 37 3695
21831 21 8 7737
21849 20 13 6480
22390 11 27 6511
22490 38 56 7011
22643 46 48 9218
22832 6 55 9063
23158 52 12 719
23645 9 37 4270
24068 58 31 1845
24404 34 18 7794
24506 6 34 4024
24557 47 34 200
24856 21 37 9504
20354 39 22 937
20875 32 56 4155
21130 42 35 8356
21607 21 39 3665
21948 18 44 991
22228 26 15 9491
22762 19 11 5368
23011 59 43 5365
23256 29 14 7620
23372 42 0 8897
23524 12 2 577
23627 6 13 3255
23752 5 17 8215
23863 9 50 1500
24452 42 37 4126
24851 15 49 1389
25364 25 44 8196
25804 55 28 1508
26123 19 3 9264
26294 4 42 1128
20629 53 47 8909
21055 10 48 4217
21569 50 8 4865
22083 39 7 6458
22147 9 10 5410
22468 41 17 1786
22927 28 19 7801
23315 1 32 577
23665 5 33 3810
24038 0 19 3073
24265 48 21 684
24811 25 57 799
24894 32 57 9734
24931 5 19 7047
25030 31 32 12
25235 42 0 5991
25417 25 47 4702
25574 56 22 1898
25871 20 28 3249
26181 25 35 8021
21383 36 58 356
21904 42 27 6451
22284 15 33 2138
22811 45 14 596
23216 3 10 3404
23324 22 26 4076
23348 52 5 4367
23765 36 11 1095
24116 17 6 6344
24230 43 18 5859
24242 2 10 7413
24391 0 54 8913
24595 5 17 6133
24665 48 33 5286
25156 28 59 6521
25229 44 26 8178
25291 29 27 1903
25325 19 13 5180
25402 48 17 3971
25451 49 25 185
21611 28 33 584
21629 21 8 3857
22198 38 20 600
22255 23 11 5254
22733 56 28 2023
23037 40 23 6192
23391 44 56 7784
23749 47 15 1341
24216 9 10 5481
24301 19 52 8181
24533 21 7 8452
24915 13 32 8985
24960 23 19 6329
25364 59 1 6260
25554 39 19 4029
26047 13 33 6329
26099 48 50 955
26189 49 9 7282
26563 57 46 5343
27138 42 11 2967
22601 9 21 3385
22645 29 41 9291
22868 41 7 6565
23216 50 52 3654
23237 56 10 8108
23419 45 21 2602
23443 13 15 6996
23778 54 47 9308
23945 54 52 9782
24481 4 53 9510
24883 35 27 5270
25187 29 14 1888
25745 56 7 8187
25774 45 36 2153
25875 34 15 1302
26184 23 32 5487
26424 18 12 7692
26564 11 23 4615
27027 24 39 4405
27541 19 38 5634
23262 58 40 8638
23309 30 14 4528
23449 0 51 259
23459 27 41 231
23885 13 23 5695
23924 54 30 7715
24449 4 15 9143
24459 5 20 7120
24654 53 15 6143
24684 17 50 2404
25233 48 21 5692
25669 42 46 3263
25844 18 19 5425
26021 28 9 9372
26417 53 4 6822
26969 37 20 5690
27060 59 35 604
27540 42 4 8954
27708 22 49 5661
27842 9 21 8995
23740 13 48 2996
24090 9 33 5965
24387 28 31 874
24722 29 31 4109
25051 16 40 4801
25206 20 47 8825
25570 12 17 6794
26069 28 41 8096
26305 48 29 3997
26437 41 45 9361
26568 20 33 6891
26750 0 37 5572
26793 11 8 7564
27288 38 34 6778
27369 46 59 3366
27536 46 50 2838
28016 31 0 6979
28344 57 52 7307
28507 45 15 7714
28634 56 39 2140
24582 1 0 9586
24907 53 1 8378
25045 13 17 514
25282 37 29 1162
25547 6 29 3855
25576 41 49 4316
25917 23 53 6030
26291 27 7 1597
26755 54 30 5586
26868 51 33 6603
27336 58 49 9509
27752 43 46 5186
28325 44 37 9856
28786 42 25 5371
29206 55 43 5074
29727 53 6 4069
30322 19 15 7106
30436 45 7 9722
30783 3 50 8005
31320 9 53 2512
25182 31 46 1136
25449 52 19 9234
25855 43 38 7509
26258 24 58 6650
26488 20 51 6086
26558 49 4 5735
26633 5 1 819
26970 15 41 1751
27272 37 24 3676
27732 43 41 7949
27882 54 35 8501
28147 23 48 2790
28370 44 7 2708
28540 51 44 2840
28749 49 11 9514
29208 37 36 1321
29438 18 27 8270
30023 58 29 8190
30206 24 47 9466
30567 58 11 260
25736 45 59 740
25779 58 11 6468
25865 51 6 6620
25977 33 28 7737
26358 31 58 8673
26638 4 45 4633
26877 40 12 4121
27376 43 25 2988
27466 8 25 5620
28006 56 21 8622
28083 27 15 7583
28260 18 50 9568
28377 23 44 3213
28621 27 47 2366
28757 53 6 1287
29135 18 39 8014
29221 15 31 2048
29449 16 23 4535
29804 16 25 6181
29921 30 8 1099
26010 39 53 1661
26480 46 37 2171
26594 36 44 1740
26864 16 6 2494
27344 12 41 2024
27865 24 17 4844
27995 10 33 8432
28411 19 40 8017
28434 35 34 9465
28838 16 25 1688
29260 34 33 1077
29340 47 38 9077
29693 17 7 8916
29788 14 43 8547
29996 46 27 3698
30128 19 43 2586
30384 33 13 846
30668 37 32 277
31227 53 45 9797
31420 20 25 123
26697 50 21 398
27125 10 54 3127
27274 38 12 1827
27349 10 8 7164
27371 38 4 1300
27572 22 25 5729
28020 13 11 2342
28288 5 14 6750
28366 27 3 8828
28603 9 3 6067
28909 55 25 2721
29016 20 28 9815
29564 3 18 4468
30051 23 34 1014
30605 38 23 7080
30637 49 48 2678
30983 46 11 2146
31159 50 59 4553
31510 52 30 8957
31810 56 4 8317
27123 55 54 3555
27365 6 34 8759
27694 19 32 8453
28176 47 51 9346
28436 52 19 9633
28928 51 30 3375
29373 54 20 6795
29964 45 36 975
30090 45 47 367
30345 9 31 4936
30599 52 57 1096
30851 51 31 2091
31231 29 35 4167
31774 22 17 300
32148 49 15 4464
32552 28 33 6950
32678 1 36 1099
33197 16 48 3484
33435 2 21 8854
33437 5 0 8052
27645 11 23 5262
28199 40 39 3564
28733 46 27 9968
28982 58 51 556
29400 29 36 6630
29847 4 51 8062
29881 5 4 7834
29997 28 17 801
30429 22 43 7742
30664 12 40 9139
30836 0 37 3807
31391 22 24 3071
31886 3 7 2666
32232 32 39 9056
32612 24 19 2999
33048 7 4 2366
33454 58 53 4913
33582 45 21 8903
34174 13 56 1781
34743 20 42 7218
28612 21 46 7776
29152 59 13 8113
29517 53 3 5202
29962 9 59 5594
30230 19 44 6908
30418 49 15 6758
30579 10 33 4705
30752 26 15 8980
30772 25 13 5749
31132 36 14 8804
31220 16 23 7878
31480 36 39 7803
31563 18 1 1805
31792 1 9 1649
32365 8 43 1242
32555 43 19 9058
32561 7 17 9817
32671 36 19 5206
33183 35 47 9786
33210 34 41 786
29278 26 42 2643
29357 44 26 918
29536 5 26 7258
30057 4 35 5870
30229 25 1 2629
30676 19 11 1917
30854 7 51 6887
31095 28 58 8697
31440 33 12 666
31554 40 33 566
31897 13 41 8456
32151 22 33 5887
32442 35 51 9960
32562 20 19 8359
32937 57 6 7054
33389 50 32 6600
33558 16 36 27
33583 29 27 277
33631 4 29 1014
34076 17 48 7178
29929 6 49 8712
30426 54 56 1230
30474 32 35 6287
30779 11 18 2521
30889 28 23 7582
31047 10 23 3104
31223 46 17 4246
31300 48 45 1213
31712 31 24 8273
32134 1 13 9700
32473 12 44 8977
32909 28 10 430
33403 0 59 8797
33486 11 57 8879
33973 38 27 70
34308 39 15 5656
34607 4 24 7815
34732 53 22 8782
34791 55 43 2815
35064 3 33 5689
30350 50 42 4225
30916 30 35 6094
31153 33 6 5212
31699 17 12 8325
31795 40 26 8073
31941 42 56 1256
32402 0 2 5573
32598 52 47 9813
32894 46 41 632
33019 15 25 6534
33053 14 38 1417
33507 48 51 7044
33991 33 11 1267
34016 5 48 5654
34224 54 16 5145
34653 19 8 786
35123 54 21 3850
35225 16 9 6101
35822 21 40 8208
36416 35 7 1137
31129 12 3 4888
31276 27 18 1859
31653 7 59 1276
31970 35 14 7576
32113 50 54 8020
32580 48 32 1911
32811 23 9 2198
33353 58 6 3542
33615 20 4 5643
33708 32 17 8364
34269 15 42 2171
34671 52 13 91
35045 38 18 257
35052 20 14 5088
35527 14 21 2321
35902 23 52 2219
36160 13 14 4573
36369 43 33 2912
36631 19 11 95
37155 39 55 9148
31609 11 52 6238
31893 0 51 4629
32200 23 43 9005
32549 46 3 9677
32905 37 17 231
33246 56 59 9796
33673 19 30 7589
33751 56 30 6476
33901 17 29 4932
34137 7 42 2002
34307 55 7 442
34846 46 1 1900
34906 11 48 1870
35091 47 8 1369
35522 45 2 6968
35978 1 18 5193
36361 17 26 8987
36926 21 56 9976
37075 59 41 9894
37145 27 13 4697
31989 18 52 1679
32142 25 26 7946
32441 9 25 6229
32730 37 0 7929
32831 37 10 5345
33219 40 36 6195
33617 51 50 5309
34026 24 40 1625
34373 49 37 2296
34517 43 12 8226
35035 51 55 3991
35358 5 8 7514
35609 46 4 4583
35916 55 6 4104
36368 23 55 9206
36927 38 21 5956
37527 3 40 3678
37535 13 34 2591
37978 17 56 8932
38413 23 42 7574
32746 43 10 2739
33008 27 54 1605
33015 11 18 7070
33562 8 55 2759
34136 0 29 2830
34617 50 29 2878
34930 59 1 1295
35369 12 55 8050
35793 36 47 3752
36282 35 39 5438
36504 43 1 5957
37059 37 19 4977
37126 52 30 4223
37546 16 51 5949
37814 19 6 5376
37892 1 28 8758
38335 48 30 1472
38374 40 48 5315
38568 31 35 2438
38986 7 48 2612
33020 32 15 7271
33371 18 47 831
33378 22 14 1722
33865 18 5 1707
34187 24 51 660
34506 49 29 2831
34874 11 30 7839
35376 25 14 9044
35468 48 30 501
35654 50 32 2638
35888 16 4 2371
36222 28 16 7718
36749 34 58 972
37330 51 3 1611
37923 56 32 3685
38136 54 58 4495
38465 16 12 445
38575 20 42 1275
38788 24 41 9569
39067 27 8 2142
33977 8 12 7570
34217 16 52 2030
34543 17 24 3365
34549 32 15 4588
34706 28 24 5345
34854 18 56 6410
35128 42 8 3058
35330 29 27 9889
35853 59 25 3503
36089 40 17 1093
36194 56 40 482
36352 33 56 8238
36832 13 22 1194
37166 26 21 4814
37658 43 41 8197
38045 27 9 2800
38114 22 12 6356
38688 33 37 5415
38753 25 46 2800
39331 23 53 46
34582 55 21 1270
35033 34 33 5921
35167 26 16 4722
35515 38 52 2469
35692 53 0 4030
35816 27 13 6903
36271 34 38 1396
36667 54 47 3154
36911 38 17 484
37408 36 17 1582
37493 42 6 2011
37819 9 58 5059
38278 2 27 6464
38731 38 18 1594
38909 32 23 4318
39171 39 22 3838
39656 39 28 4536
40158 8 42 9332
40658 26 12 8364
40677 17 15 8988
35263 49 5 7115
35653 35 47 4167
36076 29 45 2031
36295 25 12 2294
36776 2 22 4278
37239 48 10 5517
37665 18 41 3743
38010 10 0 2333
38389 26 35 7543
38944 13 17 841
39498 43 45 6487
39880 32 55 4510
39902 39 22 8853
40151 52 6 3429
40585 8 29 1084
41060 56 13 209
41084 44 8 4882
41089 10 48 5876
41683 4 50 718
42184 16 42 1499
35795 4 53 1884
36015 53 28 1953
36496 56 38 1443
36550 35 58 5713
36901 41 1 8601
37153 12 59 7761
37477 35 32 2556
37723 16 24 6886
38039 26 20 6120
38232 23 7 4107
38828 25 21 7023
39425 24 35 2021
39516 16 31 3455
39736 33 5 448
39846 55 9 2015
39884 20 19 3001
40117 10 34 3918
40583 8 20 1483
40786 41 39 6507
41240 52 39 8051
36094 22 34 2480
36523 46 2 5326
36876 15 26 7153
37010 19 11 2838
37497 7 25 6437
37762 0 29 3724
38137 53 33 6823
38205 15 16 5497
38649 53 30 1532
39024 2 34 9057
39547 3 26 447
39813 0 24 5191
40413 38 7 7340
40502 59 2 77
40955 18 40 9232
41357 40 2 3324
41906 55 16 528
42440 38 35 5408
42986 36 7 8940
43574 5 46 2747
36757 34 4 2709
37072 35 18 8322
37117 51 49 2927
37689 39 27 4430
37853 59 53 8868
37950 35 59 8808
37956 11 29 4008
38113 59 13 4133
38389 18 28 8874
38938 55 30 8718
39310 16 1 9289
39814 22 54 5377
39854 44 52 3788
40083 7 24 5749
40495 35 55 809
41028 58 59 4161
41030 39 16 6900
41434 33 43 0
41952 4 53 9361
42105 30 13 702
37643 16 42 7863
37764 20 19 1804
38287 13 3 7520
38436 59 5 535
38875 1 11 4086
39160 28 52 2272
39697 15 13 372
39937 57 30 3909
40094 55 51 1647
40666 7 59 7727
41129 1 18 7552
41387 12 15 1717
41442 59 30 1197
41722 10 25 9766
42156 58 1 4712
42518 24 26 7161
42985 49 1 8369
43526 4 59 7949
43943 42 3 4391
44491 46 28 3229
37861 24 0 9223
37885 23 18 7568
37912 45 21 3292
38463 48 31 6020
38522 28 57 3881
38663 15 33 1980
38905 52 28 3143
39027 11 13 6811
39084 45 8 3338
39191 58 40 4728
39552 47 32 8852
39920 43 3 9116
40497 48 6 4806
41091 44 17 920
41187 40 56 2782
41471 6 19 1857
41760 31 28 695
42342 0 14 2621
42633 17 10 7472
42686 32 46 3123
38429 29 19 5503
38545 23 37 8009
38842 17 37 2610
39341 19 11 6581
39356 6 13 6486
39841 58 16 7650
40381 29 56 9062
40795 29 18 8144
41135 16 13 2011
41301 54 35 5519
41594 31 54 9141
41893 42 45 1172
42083 37 53 8299
42126 31 50 6454
42265 37 8 3340
42758 14 28 6157
43199 24 57 5896
43391 31 47 8652
43541 50 34 7713
43758 34 23 3440
39138 57 45 5953
39397 14 23 2895
39433 58 33 6214
39622 30 19 4300
39804 9 27 314
40097 37 17 9928
40660 10 39 5908
40823 0 6 4713
41393 49 56 575
41591 27 59 7253
41926 45 38 4413
42045 1 37 2004
42181 45 47 3301
42401 0 21 8646
42666 0 27 4474
42813 20 43 8057
42884 45 51 8279
43434 15 51 5028
43968 49 45 6277
44118 2 48 9534
39904 55 25 9713
40364 56 20 7913
40508 7 50 4807
40521 46 25 966
40708 56 14 6344
40821 36 8 7471
41358 16 39 9579
41618 48 58 2555
41949 35 33 4067
42212 40 14 8644
42268 14 55 8903
42639 46 27 3482
42898 44 41 3375
43028 17 8 5877
43089 26 55 6017
43092 13 39 9858
43304 31 41 7905
43737 23 36 9221
44325 47 25 1613
44709 51 35 782
40579 31 14 1174
40649 34 23 8849
41108 58 25 9067
41161 50 59 9648
41264 22 38 6758
41686 35 3 1272
41919 8 54 4936
42136 4 11 6541
42434 11 51 8125
42545 19 51 845
42614 53 50 7909
43039 49 9 4741
43465 59 0 5775
43571 20 0 9760
43665 54 50 8289
43751 20 58 6539
43829 43 23 1108
44064 56 31 5979
44208 0 8 1434
44752 15 22 7255
40827 48 4 2653
41393 49 26 223
41694 59 1 4740
41936 46 7 1002
42348 18 39 6462
42818 45 53 5691
43007 7 42 560
43043 53 29 4804
43135 21 43 2826
43394 44 52 1029
43516 35 38 9619
43614 2 30 4167
43957 35 29 4396
44125 27 2 9378
44663 42 53 2639
45106 54 36 1447
45437 23 11 4746
45997 45 31 3196
46221 29 13 5186
46626 17 20 4525
41941 40 1 7804
42188 4 37 3908
42409 27 51 9748
42613 29 15 4596
43097 14 56 1123
43118 27 58 995
43373 1 3 7387
43537 40 33 7587
44082 35 49 7584
44321 54 58 7103
44467 21 12 9719
44776 27 23 4305
44977 17 43 9789
45164 15 51 4734
45294 59 50 8838
45581 38 17 5889
46126 34 35 7138
46576 25 28 655
46943 35 47 9415
47378 1 56 5278
42355 26 1 3597
42660 43 12 9700
42832 35 19 1991
43022 35 51 2416
43295 58 27 9858
43640 14 15 9897
43872 5 57 4137
44082 21 14 1051
44656 44 49 3158
44963 48 14 3150
45397 41 39 7394
45546 33 39 4239
45958 41 21 1684
46139 38 24 3757
46150 49 11 2625
46492 20 49 6024
46530 59 31 5920
47116 17 14 4536
47616 51 22 1254
48025 7 47 4745
43079 42 34 1106
43246 47 18 7057
43307 33 21 9888
43526 17 30 4755
43978 56 14 4695
44174 32 10 8673
44603 57 39 127
45093 23 40 2228
45431 16 1 8568
45850 21 38 8431
45885 12 11 4462
46305 23 55 1541
46582 32 21 9710
46871 53 31 9585
47364 28 13 3700
47507 40 4 6308
47638 59 5 9628
48032 17 0 291
48566 6 42 5282
48727 45 47 703
43313 22 46 3689
43461 44 9 9800
43890 41 59 8967
43992 56 24 9827
44460 31 43 5582
44834 44 23 3029
44835 27 3 6620
45291 4 28 945
45512 32 40 8559
45855 44 32 3783
46392 59 16 2462
46983 18 54 8846
47528 23 39 377
48118 57 13 7049
48663 59 3 675
48779 42 47 2415
49284 52 19 7253
49680 54 41 8997
49894 28 29 1433
49962 31 7 570
44020 32 51 80
44274 44 54 7726
44424 28 45 2308
44804 11 47 3074
45225 42 15 3547
45250 50 39 7860
45402 58 11 6374
45982 53 55 3451
46313 55 14 8791
46397 23 21 1224
46531 4 34 6783
46545 34 21 2743
46963 24 6 2949
47446 5 6 618
47665 27 42 5591
47772 17 54 22
48369 4 18 6314
48645 58 52 5640
48765 20 26 6574
49305 57 31 8256
44682 25 19 9673
44706 12 19 8813
45124 43 37 9761
45507 31 42 7821
45962 30 3 8204
46467 19 27 1653
46884 7 56 3715
46962 29 10 1308
47333 52 34 3120
47760 41 34 3970
48131 24 16 7183
48212 27 12 9059
48242 21 22 1327
48618 50 13 5650
49121 14 9 9733
49552 27 58 321
49738 36 3 6305
49969 52 12 8378
50350 42 47 5321
50515 26 54 4315
45541 45 31 6580
45710 16 14 7563
46085 25 34 9248
46112 8 28 5036
46587 2 41 1919
46825 15 32 7651
47244 54 51 5763
47732 18 5 3657
47806 12 35 6077
47987 58 17 7125
48547 59 43 8319
48928 16 14 8005
48965 33 29 2903
49558 37 52 7319
50142 56 48 5426
50639 41 57 2827
50829 17 46 6875
51343 3 21 9362
51406 18 47 2929
51803 45 2 5362
45892 43 42 161
46199 36 25 6645
46773 20 57 6157
47078 36 46 5876
47513 57 53 835
47608 22 19 3162
47703 11 1 712
47846 12 31 6418
47992 55 33 4827
48493 7 8 5134
48831 50 0 4903
49274 17 38 1910
49452 31 58 733
49607 11 0 5037
49694 3 46 4225
50198 9 34 238
50561 40 44 3389
50721 56 16 4866
50980 47 29 1210
51143 36 50 2487
46756 26 51 1726
46858 6 57 7954
47360 29 51 5465
47410 3 41 2268
47758 50 31 871
48055 5 11 3894
48184 44 17 6532
48429 44 52 9096
48981 28 39 9198
49350 58 54 9208
49693 11 55 4978
49977 12 30 3103
50264 30 50 7344
50393 22 8 8428
50502 25 53 8864
50629 28 40 1356
50706 30 46 2674
50889 0 47 4191
51207 13 37 4292
51556 47 19 4705
47297 0 7 3991
47387 6 55 8812
47881 43 27 1318
48015 25 50 2364
48271 23 43 8394
48740 3 0 9576
49056 1 15 3364
49319 15 55 2963
49803 42 26 5692
50090 47 49 5998
50332 51 9 4858
50729 26 39 3396
51167 44 27 2744
51623 48 38 715
52055 21 29 3702
52489 28 56 8031
52916 39 50 1417
52996 10 37 3707
53456 9 36 2457
53760 42 58 1953
47686 34 48 3570
48222 51 31 9103
48530 2 34 7220
49077 48 44 3114
49410 25 52 221
49780 0 21 8
50371 53 36 2457
50409 32 2 2702
50441 4 40 6627
50726 55 48 2650
51211 12 15 5617
51460 38 37 1042
51511 56 58 9284
51603 41 3 6495
52155 50 17 9915
52561 10 22 1792
53001 37 2 20
53227 33 11 5003
53549 54 34 7292
53574 21 51 149
48300 9 40 5430
48763 5 49 3400
49042 8 4 5674
49633 35 27 772
49725 6 22 7058
50236 6 58 9220
50619 7 30 242
50807 2 36 5777
51113 28 1 1875
51148 50 31 167
51342 57 12 250
51654 56 39 8000
52013 11 14 2668
52137 4 3 2515
52238 0 22 713
52569 51 25 7544
52876 35 21 2340
53054 38 9 8373
53623 56 25 2311
54165 22 26 9171
49174 38 0 5543
49564 45 6 8367
50084 7 31 4579
50631 51 59 8793
51099 3 43 3809
51442 43 0 1563
51903 33 45 3922
52450 58 47 9874
52480 10 47 8720
52611 22 8 249
52704 8 46 3061
53187 17 20 3387
53238 57 9 9078
53607 25 56 5031
54081 22 30 450
54213 12 47 3730
54257 51 43 7154
54536 29 32 9487
54723 38 40 5071
55091 57 18 6282
49410 57 53 502
49543 43 10 642
49648 48 15 8825
49878 3 27 9331
50110 0 42 3177
50326 59 48 8138
50584 52 55 3194
50670 37 50 222
50838 1 27 4328
50963 14 30 7425
51270 51 26 2241
51796 33 17 3096
52144 22 19 4809
52458 18 28 2064
52985 17 0 1791
53546 9 53 5067
54024 49 43 2219
54398 39 42 9616
54432 35 42 7907
54706 34 15 3012
49803 25 7 9730
50019 50 28 6406
50563 33 34 9447
50832 13 30 3380
51149 20 50 9809
51669 54 47 9777
52235 56 6 6884
52237 10 3 1971
52431 45 58 5937
52515 54 3 2684
52973 52 47 591
53173 56 41 2095
53548 41 0 4969
53903 25 46 5671
54331 2 49 3881
54826 27 14 1410
55336 35 11 397
55444 41 54 6364
55761 0 58 1631
55872 33 0 3484
50594 37 13 5843
51132 46 59 8932
51696 37 57 8683
52137 40 23 1827
52358 36 47 4350
52736 41 49 851
53000 48 20 960
53533 34 31 6719
53796 6 13 1105
54203 17 34 296
54648 2 36 2274
55036 39 51 568
55504 1 44 2809
55940 7 16 9313
56522 17 14 4799
56746 8 24 3330
56848 30 39 5598
57005 57 26 8418
57388 55 5 2704
57482 30 41 3325
51129 26 12 5344
51471 24 13 1039
52059 30 34 5721
52298 6 12 3941
52790 22 11 8319
53104 1 52 1936
53400 35 26 8067
53892 19 50 3157
54104 58 47 4742
54197 41 12 9904
54717 24 20 9753
55036 39 32 8013
55574 21 50 2628
56131 49 12 9324
56214 58 39 2700
56715 47 2 4119
56944 41 39 8095
57188 52 28 5511
57218 40 27 5045
57405 36 26 137
51861 48 52 671
52300 57 23 3230
52323 39 33 6833
52800 37 57 2511
52918 32 45 1420
53199 45 32 7746
53379 12 46 1628
53524 53 35 5564
53545 5 31 3834
53801 29 43 3893
53945 3 46 911
54429 39 57 1222
54812 14 6 5344
55122 36 15 486
55208 50 6 7473
55461 10 7 5194
56036 32 33 9100
56039 55 45 2174
56543 19 18 3399
56589 14 44 5923
52264 54 48 1000
52626 59 30 7026
52931 42 5 7263
53491 34 52 4324
54068 33 11 1516
54265 53 37 512
54801 4 55 5602
55264 21 48 4867
55502 21 23 1063
55981 38 10 2758
56537 27 12 1854
56666 35 0 6209
57030 44 10 4323
57534 24 19 558
57729 5 10 6814
58097 48 2 1020
58169 24 25 7300
58550 8 23 5553
59080 6 4 8341
59607 17 3 1852
53060 34 15 8509
53137 41 4 2553
53632 30 35 5274
53978 12 34 4678
54422 49 27 2134
54504 47 41 585
54860 46 32 9142
54956 11 10 1730
55180 38 46 4456
55233 57 15 3555
55637 26 6 5991
56004 10 23 9939
56540 44 40 8273
56721 41 3 3617
56953 53 56 5939
57342 31 44 2409
57494 43 27 2946
58019 8 18 8632
58440 56 31 4535
58851 4 58 7151
53547 50 13 5359
53823 8 36 2618
54251 47 51 1251
54562 6 20 1686
54630 40 54 4271
54890 7 49 7611
55159 47 9 4151
55224 59 2 2834
55245 54 12 8288
55503 37 20 8340
55577 57 16 2071
55881 25 41 4866
56136 44 43 5193
56155 48 41 4737
56468 42 31 752
56936 19 49 7365
57063 40 3 7586
57199 8 51 4937
57304 2 53 504
57381 46 18 8983
54361 0 53 792
54396 59 1 54
54791 19 39 6422
55134 57 10 2171
55317 30 39 5158
55698 31 16 4676
56130 27 7 4217
56139 12 31 3286
56168 9 0 3454
56243 20 24 5033
56606 20 58 4621
56848 26 11 9648
57078 27 54 2135
57621 50 45 2466
57815 45 27 2982
58355 30 59 6032
58408 57 32 3729
58811 49 39 4281
59127 7 18 1671
59452 21 3 558
54615 48 15 7738
54959 1 16 7045
55343 9 12 3266
55759 53 22 5330
56324 31 0 2670
56746 3 45 4854
56914 0 5 5631
57170 13 14 6340
57482 3 17 1075
57831 35 30 7003
58035 40 53 8405
58036 58 7 4328
58409 19 30 7470
58732 47 14 8590
58901 5 1 6960
59250 24 59 2361
59368 45 2 8923
59689 40 29 4392
59800 32 46 3111
59880 59 16 6681
55270 51 17 8144
55637 7 32 6703
55790 7 22 3904
55986 39 0 7027
56518 36 29 638
56802 14 45 8507
56833 34 55 1334
57126 53 23 1176
57460 10 53 2105
57628 17 8 6626
57852 53 20 3999
57961 2 26 9217
58442 16 3 9386
58479 10 3 5812
58976 37 57 3368
59026 1 23 2372
59119 8 23 7751
59237 47 37 9614
59594 38 0 1857
59989 49 42 2858
55858 8 37 6378
56399 22 33 4059
56945 25 30 5748
57169 50 47 7524
57554 37 32 8453
57913 44 30 3493
58243 26 5 2699
58482 33 25 1329
58807 26 3 7815
58848 48 51 9484
59259 48 33 1873
59725 39 8 8349
59856 49 48 4651
60333 50 10 1348
60709 28 21 628
61286 32 55 7886
61576 15 6 1111
61640 5 55 1786
61673 4 5 3671
61761 44 4 2300
56665 19 25 553
56989 38 18 4794
57262 14 47 818
57590 23 43 6304
57781 57 43 463
57872 50 5 9719
58149 47 32 7401
58163 34 0 7792
58492 39 2 3942
58542 29 3 2578
59001 30 48 4598
59521 35 17 7023
60005 25 57 7864
60552 44 14 725
61136 8 9 2236
61206 56 50 9433
61588 47 56 1508
61806 0 13 3785
62362 51 25 6865
62517 24 42 5759
57217 43 51 2132
57281 6 32 1621
57641 2 41 6123
58096 58 39 5333
58422 39 8 3945
58889 41 38 2853
59275 9 59 3647
59805 42 41 5049
59830 12 44 7739
60107 27 48 6367
60612 44 26 6147
60668 31 26 2520
61029 50 23 1696
61229 46 33 4985
61284 26 50 8156
61472 7 43 4308
61897 44 3 1402
62206 34 51 5014
62509 13 56 1330
62917 37 13 6542
57703 37 27 9490
58267 44 0 9411
58423 16 25 7040
58627 2 30 9484
59171 43 7 9250
59747 51 36 9427
60053 41 34 4778
60310 32 5 965
60895 2 15 1637
61061 49 53 7273
61240 40 50 1543
61476 7 22 5864
61908 48 51 92
62152 32 7 4613
62276 24 30 4834
62640 47 32 1548
62710 42 53 1844
63139 34 27 5973
63157 6 0 9248
63165 46 59 5602
58697 51 17 8578
59247 44 39 2054
59803 30 35 3173
60354 21 23 272
60412 40 5 6114
60647 51 21 8078
61049 29 12 5742
61475 23 21 7791
62010 16 39 9579
62064 58 25 4260
62553 0 14 1499
62613 20 38 5739
62966 6 5 917
63480 3 6 3729
63684 59 7 4952
63773 16 14 9064
63835 10 56 3228
64276 34 59 2173
64430 6 32 3233
64770 19 12 7305
59344 36 52 2204
59664 42 27 5469
59696 10 25 7119
59786 14 35 9683
60255 31 58 9494
60545 57 30 6374
60689 54 9 1637
60825 9 22 6362
61274 1 53 1782
61310 33 20 1561
61339 4 56 2468
61606 36 22 2446
61706 28 32 4989
62171 33 5 1427
62503 38 21 7533
62891 34 58 100
63245 33 19 68
63533 11 43 750
63597 34 50 3599
63804 22 4 9701
59553 31 27 2741
60025 53 47 6304
60445 37 11 1338
60880 41 6 9450
61248 51 18 4804
61310 38 44 5684
61722 22 33 3512
61909 10 13 8223
62269 46 16 3452
62849 19 17 633
63224 54 8 9538
63784 39 27 1245
64124 29 32 5282
64247 9 42 6251
64557 20 35 5857
64705 28 29 5974
64732 23 47 9734
65258 25 44 4943
65671 50 16 3589
65711 53 57 4596
60178 38 29 6761
60500 34 4 5310
61055 52 15 7186
61295 35 51 724
61336 17 41 1844
61559 8 7 486
61628 12 20 6575
62110 58 3 500
62355 0 57 7788
62389 58 45 5109
62548 36 38 1418
63035 5 25 556
63339 26 4 4981
63379 58 34 6090
63771 5 19 8291
64348 28 59 1427
64911 56 29 9734
65202 51 55 1607
65224 35 48 4597
65798 1 57 3424
60610 16 39 4659
60700 24 4 7159
60774 50 49 2655
61347 0 26 7516
61781 51 55 2459
62175 22 6 8322
62288 50 59 5765
62666 13 51 9648
63209 51 50 3349
63476 29 42 1707
63774 47 42 8515
64339 54 7 4117
64612 49 26 8964
64906 8 16 9894
64919 58 30 3354
65025 27 35 658
65250 4 1 2776
65428 50 26 2524
65493 38 19 7738
65926 46 7 4707
61434 54 31 7481
62000 20 17 6604
62400 1 57 6500
62730 0 35 1120
63064 22 4 7129
63635 7 52 8558
63802 11 31 5673
63865 45 58 1308
63952 47 19 6452
64083 48 3 7294
64680 38 30 9888
65263 13 10 3285
65483 24 29 59
65513 14 3 4677
65882 13 1 9091
65896 56 6 1615
66182 20 33 6556
66476 54 49 2009
66959 18 24 7795
67183 50 35 180
62171 6 25 1714
62707 28 31 1318
62721 51 31 9593
62780 38 18 6771
62796 39 36 9508
63320 45 35 2886
63445 17 46 2067
63653 53 32 1106
63711 21 18 988
63997 12 28 7077
64195 26 18 665
64531 39 1 1242
64580 59 1 3852
64615 58 30 9689
65207 6 10 2024
65609 51 11 5054
65679 31 24 3084
66236 45 51 39
66755 7 49 1158
66983 16 53 3154
62957 45 19 4120
62984 19 27 3179
63400 36 48 1254
63753 32 24 6171
63877 28 32 8862
64378 15 25 5877
64907 32 39 2181
65096 41 34 6229
65545 40 44 793
65569 38 52 9650
66029 24 23 8443
66067 4 55 3957
66186 17 52 928
66680 37 21 3767
66971 3 35 6722
67253 50 9 1887
67641 37 30 9263
68127 10 24 6308
68254 47 28 8365
68740 27 55 7477
63151 50 27 4414
63636 15 5 492
63885 7 41 6742
64307 3 16 1004
64354 46 7 5675
64695 1 10 5318
65144 8 18 8288
65388 22 31 1495
65399 29 44 4778
65925 14 23 5876
66311 47 42 4030
66827 29 51 6334
67335 18 9 8909
67599 41 44 9456
67766 29 6 1427
67845 53 10 7975
68119 57 23 4934
68392 17 36 7739
68941 23 28 3737
69535 10 16 7441
63806 29 56 9983
64336 18 16 9634
64624 4 48 327
64842 10 34 3118
64990 30 27 885
65316 13 53 7100
65483 53 9 7669
65633 29 26 2263
66042 2 28 449
66372 45 39 8209
66873 23 55 5086
66884 16 22 9554
66925 48 9 3716
67146 43 44 4618
67349 33 28 9241
67547 49 6 7255
67606 55 40 1451
68111 40 59 879
68274 8 6 378
68451 55 54 1914
64457 50 28 267
64830 51 28 1631
64956 46 0 8560
65058 56 11 2361
65459 3 18 6601
65592 46 5 6247
65747 20 50 2359
65906 54 36 3027
66128 28 48 2076
66590 5 13 4058
67053 24 55 8902
67588 40 39 2134
67722 35 42 6037
67789 49 4 3694
68066 41 20 3547
68600 40 45 7338
69162 26 15 634
69306 37 22 1689
69899 31 28 5860
70221 46 35 7346
64990 6 41 3615
65261 31 15 4449
65735 17 10 9019
65852 34 7 7041
66210 51 59 8746
66564 9 59 395
67122 36 25 8504
67473 49 38 8123
67955 58 19 2956
68344 45 36 5794
68398 19 36 4408
68689 31 25 5432
69161 28 22 5487
69502 45 1 9905
69643 1 28 4711
70231 14 27 3244
70307 38 33 8993
70359 43 33 1897
70655 40 30 7892
71238 30 45 7294
65619 12 30 4101
65827 55 20 2131
66349 3 17 3386
66706 43 41 4277
66745 15 37 5887
66815 26 34 4615
66965 14 27 4139
67077 38 15 5956
67460 54 14 9696
67636 54 41 9760
68136 59 4 823
68345 37 33 7804
68768 31 33 1905
68898 54 55 2414
69185 33 54 4830
69737 48 3 4343
69979 36 57 8374
70030 10 41 7171
70367 24 7 6866
70741 27 38 898
66389 12 42 5062
66412 20 30 7194
66889 52 21 2510
67244 57 35 9331
67519 8 35 9025
67886 34 43 2744
68035 0 57 2561
68495 5 44 6402
68862 35 50 9939
69223 43 48 3257
69712 18 19 4854
69957 8 58 5968
70051 36 6 1186
70274 37 50 9861
70870 14 37 637
71250 19 11 7944
71302 49 27 850
71572 15 51 2277
72163 5 25 9957
72732 13 19 2482
66861 41 16 6248
66906 47 49 7107
67095 48 3 4902
67248 45 43 8187
67755 31 16 1842
67964 49 2 6454
68555 47 45 7905
69121 33 30 1175
69125 57 54 9735
69391 51 24 3768
69849 53 40 3208
70002 20 26 9987
70440 18 28 7811
71035 0 50 9351
71299 40 59 9658
71531 7 41 921
72023 15 2 8394
72151 2 6 6639
72500 13 41 718
73085 31 57 4026
67662 27 50 6959
67846 32 46 5955
68012 41 10 8184
68134 14 38 4865
68511 55 3 5869
68940 47 14 3499
69490 52 23 7933
70065 12 29 1991
70509 26 3 8780
71077 31 35 2858
71579 3 50 1944
71892 57 59 7736
72090 10 28 2762
72353 23 50 7037
72779 42 49 9593
73282 23 56 5250
73670 16 30 5865
74065 24 1 6642
74095 30 4 6244
74461 50 19 7857
68258 59 9 1523
68693 16 29 5383
68797 18 6 2758
69136 25 27 5370
69212 34 23 599
69553 20 8 546
69591 38 14 6068
70107 20 11 5122
70320 48 55 3980
70349 0 22 2004
70433 56 9 5310
70988 37 47 9887
71519 17 21 3741
71648 50 27 1984
71823 20 5 6644
71946 43 3 8715
72517 32 49 2174
72988 48 6 10
73234 50 39 4880
73716 10 15 22
68563 45 41 9945
69115 36 18 9943
69634 9 44 1524
69641 46 33 1705
70127 18 20 6133
70571 9 32 8369
71144 19 47 3756
71358 56 7 9635
71715 3 33 2923
72142 6 4 3016
72443 4 54 7905
72599 19 7 7528
73073 11 59 5547
73479 17 23 7269
73785 7 1 3380
74042 19 52 9199
74486 32 39 3981
75065 45 33 6588
75500 32 9 5930
75567 20 18 143
69568 29 56 6565
69693 44 55 5757
69825 33 34 52
70099 38 22 6613
70158 18 44 3310
70684 46 2 6584
70785 56 51 2057
71377 1 9 9486
71410 17 40 8866
71827 54 49 7449
72142 37 33 8391
72415 48 37 6085
72934 49 30 6483
72964 38 26 6406
73457 58 2 4164
73536 41 48 4191
73573 38 43 721
73705 23 3 4924
74028 43 42 2647
74519 20 13 8772
69825 10 36 5659
70107 11 22 3914
70188 38 33 1424
70498 9 23 3626
70808 48 54 3653
71133 54 56 8031
71634 20 59 9417
71901 37 19 3182
72409 51 19 8018
72509 42 44 1297
72861 12 37 4238
73019 11 26 3846
73155 50 1 6456
73333 8 39 1531
73684 9 26 3944
74156 24 50 419
74180 54 57 3736
74604 29 44 9623
74978 29 45 1817
75190 27 50 6314
70766 52 28 3651
70858 26 57 3488
70927 10 28 2515
70938 21 58 7941
71151 15 54 9116
71232 22 50 6570
71563 15 27 8837
71622 31 9 1266
72085 24 2 6229
72585 21 47 3215
72843 19 5 4034
72974 30 25 1471
73438 30 17 3402
73800 21 43 6297
74205 10 15 8023
74421 12 36 7111
74780 36 53 151
75144 6 24 4297
75684 29 40 1541
75819 13 45 5989
70918 35 45 9549
71281 24 3 3508
71728 13 14 7097
71991 8 13 2554
72041 38 55 4230
72607 39 17 5275
72989 48 13 1757
73491 53 14 3268
74074 40 55 347
74547 47 55 5523
74881 27 45 6384
75180 52 16 8801
75728 39 53 175
76088 54 36 7217
76604 15 2 8805
76620 12 16 2963
76738 49 16 7480
77298 30 16 1963
77818 51 53 2616
78388 38 12 5388
71497 45 31 3649
72071 16 11 2645
72296 56 25 5912
72656 51 17 2504
73183 1 26 6906
73577 2 8 8794
73600 40 49 1376
74139 19 55 6506
74646 17 3 2431
74789 18 19 2124
75355 23 44 6945
75491 25 0 6121
75907 21 17 7535
75978 15 0 1653
76442 38 28 592
76444 53 18 1348
76823 25 41 5937
77027 32 14 9571
77126 57 10 1829
77413 58 18 7619
72030 45 5 6755
72129 6 49 8983
72509 45 13 3529
72999 22 46 5101
73095 21 19 6789
73438 55 26 8666
73774 13 39 4323
74019 31 41 8428
74366 22 20 4487
74437 3 10 2563
74927 27 55 3644
74973 2 34 7838
75114 1 24 9034
75489 11 51 3104
75688 52 14 9451
76207 56 49 7805
76804 44 45 5717
76983 24 33 828
77445 3 55 1101
77734 14 42 3145
72997 6 4 1656
73205 43 39 9734
73651 29 50 1004
74090 39 15 1161
74341 2 27 8206
74552 36 52 9106
74807 50 52 4588
74990 45 19 3417
75230 7 11 1979
75693 18 12 3581
75810 27 12 5885
75989 48 44 8361
76518 3 44 6580
76922 4 44 4144
76977 7 53 9407
77203 34 12 3415
77438 58 32 5310
77744 3 58 6979
77963 32 52 420
78526 4 46 2164
73452 47 8 8487
73731 33 41 5234
74255 15 22 8998
74570 23 29 93
74647 24 58 6412
74921 19 32 7600
75161 55 43 4565
75687 55 44 7255
75746 1 43 8566
76255 4 53 3300
76404 26 52 664
76423 31 44 5066
76902 10 22 6567
76941 51 40 8824
77437 0 53 2970
77630 46 58 6531
77876 54 17 2461
78014 17 51 4944
78278 13 3 5537
78449 23 43 2592
74190 31 45 5827
74624 38 3 2705
74767 10 41 8914
75043 1 56 4973
75239 12 26 5317
75769 18 24 4806
75978 36 21 1058
76156 11 46 7139
76755 31 33 2426
76759 4 41 4322
76824 28 1 5101
77048 6 14 9874
77209 55 20 2571
77719 32 25 7511
78032 47 7 7083
78148 4 3 3497
78159 20 23 8378
78739 47 36 3367
79026 15 35 2348
79379 23 14 4480
74986 1 8 4792
75026 42 53 7644
75232 19 18 3379
75636 29 6 1576
76154 31 34 159
76683 27 37 1823
76966 20 16 570
77092 18 10 7486
77157 35 25 5865
77533 17 52 6819
78090 14 42 9705
78378 43 25 7797
78726 52 36 5540
79164 35 17 3193
79244 5 46 2321
79554 8 47 8773
79946 25 5 5904
80169 53 36 4259
80172 9 10 5455
80464 1 56 6753
75353 2 44 9377
75635 21 27 3957
75830 24 16 6126
76212 46 59 1126
76481 31 53 3767
76658 20 34 4107
77015 46 12 9942
77503 57 30 4054
77679 37 11 4702
77965 12 15 4918
78411 49 48 3788
78862 36 41 5784
79049 2 36 7132
79081 42 47 2959
79296 28 51 391
79589 45 19 3357
79674 56 22 9092
79700 39 38 9767
79823 28 31 3595
79860 46 10 1388
75684 30 24 4960
75754 19 59 5133
76092 42 31 2514
76582 54 35 6151
76702 4 9 8425
77113 52 23 390
77171 49 55 2880
77326 12 44 4426
77435 9 39 5739
77698 45 32 8106
77935 5 55 2212
78347 2 34 6561
78567 9 4 8212
78648 50 26 9834
79204 44 57 2223
79573 21 49 6099
79927 18 38 5134
80325 48 16 520
80696 5 42 7610
80959 33 21 3045
76517 27 18 6526
76616 16 14 2602
77084 46 18 2515
77087 36 48 8060
77341 0 52 7706
77690 21 18 640
78004 5 2 7714
78532 17 15 3157
78856 2 29 4731
79090 23 42 577
79600 37 20 5274
79809 35 43 3525
79868 28 5 6888
80257 52 1 5637
80278 19 7 5209
80702 23 17 6190
80751 48 19 9535
81261 20 6 7855
81583 51 18 1809
81863 17 44 5958
77093 11 23 4260
77321 57 55 1855
77880 51 21 1511
78274 16 17 7360
78781 12 58 939
79209 52 27 8732
79286 58 51 5792
79576 59 33 3125
79775 59 15 210
79806 29 9 4859
80022 51 40 1095
80465 25 39 1194
81000 33 52 6004
81558 7 56 688
81925 32 48 2824
82329 19 39 6340
82522 29 44 95
83094 53 34 8134
83623 15 58 4658
83792 32 18 7387
77994 15 31 5004
78188 37 33 9813
78250 33 25 4535
78328 32 23 6836
78600 53 22 6181
78914 35 44 3394
79218 57 53 5206
79354 13 42 9107
79791 0 54 1197
80181 49 9 6716
80596 6 42 1255
80991 45 26 153
81097 42 49 9746
81582 39 34 9585
82058 27 21 848
82588 45 14 1739
82880 25 19 3971
83195 50 16 5072
83241 16 15 550
83768 23 15 8805
78259 12 33 2120
78746 1 9 1908
79131 55 15 3535
79534 13 1 4951
79996 41 19 9582
80403 0 44 886
80689 54 46 2696
81213 38 10 4015
81431 20 10 7783
81547 5 48 2238
81648 13 52 2564
82093 1 4 1183
82469 44 26 4347
82674 5 19 8206
83087 24 50 9203
83386 30 11 9716
83943 39 28 6333
84360 36 53 1302
84593 23 40 7503
84768 53 56 8113
78662 52 37 6381
79255 4 32 3013
79599 52 46 9178
80073 8 18 7846
80470 4 33 9824
81032 27 36 1528
81551 48 43 9383
81916 7 30 2547
82290 52 58 8770
82380 9 29 6429
82961 11 31 5159
83116 49 51 6578
83168 12 14 7208
83350 53 22 3750
83373 17 0 9063
83652 12 42 7837
84159 32 54 4706
84267 54 55 5999
84482 29 7 7052
84626 29 33 3322
79377 10 9 6768
79386 46 26 2888
79728 8 25 326
79902 48 57 601
80143 50 30 4207
80310 17 52 4746
80419 20 49 9052
80584 57 51 327
80811 55 8 2838
80883 4 56 3502
81008 13 42 6036
81489 22 7 8848
81838 31 54 7055
82211 32 34 1153
82780 42 56 2808
83342 47 15 5872
83432 54 23 1969
83604 41 31 6597
84030 58 14 6984
84435 38 18 4344
79941 54 55 8044
80045 58 49 3976
80506 5 10 5341
80758 2 3 3908
81307 39 7 683
81883 24 14 8194
82133 36 53 4501
82290 30 4 9704
82790 39 28 277
82922 15 51 6099
83289 17 42 932
83650 23 6 7534
84024 46 54 2541
84419 52 35 7286
84638 45 14 7036
85140 33 54 1497
85554 1 13 5081
85741 11 10 7020
85809 22 40 4451
86152 19 27 7706
