81 32 11 1493
134 2 23 963
692 16 22 3819
860 29 24 4507
1122 28 5 5923
1352 26 39 2419
1854 9 38 9507
2243 20 15 5686
2350 0 36 5731
2461 4 9 9849
2601 8 32 4172
2709 28 38 6010
3034 4 30 8468
3406 14 27 378
3502 3 0 6682
3984 16 7 4392
4458 6 37 3814
4886 12 29 2142
5077 9 26 9145
5333 6 24 2535
740 22 27 8972
1219 5 4 3588
1750 21 22 6386
2105 36 3 2853
2148 29 4 9874
2417 30 0 6892
2698 10 27 2738
3156 6 9 207
3506 15 10 7605
3962 35 6 4836
4480 9 21 4949
5058 25 22 7500
5085 20 9 6582
5608 38 11 3852
5752 18 6 5199
5929 26 9 9379
6397 8 31 7909
6811 2 22 1819
6889 8 13 7682
6940 5 15 1694
1250 0 23 7853
1286 22 6 6492
1539 27 18 5882
1873 5 39 6049
2353 14 16 9405
2926 20 34 8357
2939 33 12 4606
2986 26 32 9090
3554 27 15 551
4056 2 0 7626
4323 2 23 9170
4649 27 26 3215
4900 5 0 2850
5297 23 30 9142
5343 3 15 9955
5878 22 2 6120
5921 12 0 7643
6069 34 27 4009
6162 33 30 8
6563 11 28 4925
1810 10 35 294
2185 21 39 3535
2349 6 39 4633
2566 3 35 1671
2913 24 1 3200
3260 12 34 1484
3498 13 18 8629
3771 3 4 3723
3796 26 37 8547
3836 33 34 630
3901 31 23 7294
4488 11 37 197
4728 13 32 4307
5113 36 18 5285
5326 21 17 3026
5705 12 21 5199
5880 26 21 4540
6307 23 32 6007
6406 34 13 2856
6998 8 18 8195
2406 26 23 1959
2488 28 26 7755
2954 16 9 4160
3462 38 9 7785
3941 38 33 685
4309 21 37 2616
4886 26 37 7792
5419 33 14 4055
5623 12 22 5130
5806 36 20 4701
6304 27 1 2670
6436 16 5 2756
6645 13 35 8203
6915 33 16 2315
6977 17 38 2055
7123 20 27 5069
7468 27 18 4687
7555 19 30 2321
7877 0 38 8951
8279 39 18 5715
3202 32 19 6347
3448 2 24 8532
3563 4 22 3737
4007 13 30 6082
4183 29 24 4672
4538 23 31 7512
4613 31 17 5932
4760 7 16 7334
5254 37 30 3100
5832 37 35 1123
5924 11 12 8360
6359 27 8 4387
6553 25 17 249
6818 10 18 5431
7236 6 13 5416
7560 2 37 4341
7636 11 2 76
7647 24 32 8902
8206 39 17 7914
8633 26 32 6547
3904 14 39 6065
4498 2 7 6358
4732 13 4 5016
5088 14 29 3763
5682 31 4 8040
6144 10 37 6051
6169 37 8 129
6273 0 4 5043
6718 8 27 9099
6973 9 24 8086
7406 27 16 6633
7813 22 10 1121
7953 36 39 2013
8422 8 37 8512
8816 26 3 6152
9236 9 0 3103
9454 5 6 3125
9551 13 18 1328
10137 4 23 3137
10241 2 21 3254
4448 19 20 1718
4736 6 7 2892
5196 2 6 305
5639 32 9 7466
5784 21 6 9561
6024 0 21 7036
6067 21 30 7858
6407 5 4 6867
6464 8 16 3019
6873 1 39 8038
6910 33 25 202
7136 26 38 5546
7223 6 15 8510
7815 13 31 6331
8211 25 32 6955
8521 16 1 6181
8562 7 2 9603
8623 30 23 1977
8643 3 30 4136
8987 20 11 9598
4930 36 0 6789
5255 5 38 9896
5559 3 22 6450
5611 11 17 2754
6066 23 22 1820
6554 19 31 4426
6628 8 35 8856
7169 38 3 5686
7517 39 27 8656
7905 37 13 1740
8500 24 3 3695
8594 25 14 6098
9108 28 33 7273
9475 11 0 9896
9762 20 28 3146
9991 28 33 5957
10427 37 29 1857
11015 27 6 9718
11182 12 32 1781
11688 39 8 23
5501 17 7 5034
5699 18 37 8422
6252 11 32 178
6693 7 13 3964
6827 12 38 8598
6962 38 31 9292
7253 39 21 1063
7405 6 3 6241
7448 23 5 6166
8032 6 7 2813
8072 33 5 4749
8108 8 0 9697
8702 3 8 6596
8741 31 19 3734
8796 22 39 9762
9369 0 15 1053
9392 14 35 8404
9925 6 31 1230
10046 0 19 5282
10359 10 5 239
6422 0 14 7022
6762 33 8 1247
7213 17 34 9654
7801 34 36 7328
8189 24 19 6030
8479 33 10 4430
8541 6 14 8705
8955 15 32 9988
9372 7 26 4130
9809 26 17 4508
10153 6 15 9764
10384 20 7 5591
10896 22 35 4219
11467 12 22 3514
11727 18 0 7429
12162 17 32 3464
12420 19 26 8202
12451 8 31 8036
13014 13 39 1801
13585 6 36 6379
6759 23 8 9160
7219 36 2 4325
7646 12 17 6054
7761 22 12 8000
7782 31 23 3383
8278 33 4 7555
8482 26 39 5970
8824 24 30 8275
9065 23 30 8225
9146 4 5 6693
9714 24 37 3261
9763 5 16 6799
10161 2 39 2961
10547 13 37 7493
11042 2 23 8742
11388 22 6 2820
11775 10 25 2784
11917 29 39 6463
12338 12 21 6904
12739 31 18 8641
7463 27 11 9589
7692 38 37 9929
8290 4 13 6645
8515 37 26 3397
8646 11 19 4141
8987 4 12 6970
9126 3 15 3117
9477 38 25 7862
9488 32 38 8643
9936 4 0 6162
10302 5 7 7060
10689 19 8 9896
11208 39 30 1945
11508 25 39 7172
11823 10 18 5256
12158 6 21 7170
12575 17 33 8037
12743 9 25 5916
12838 13 30 9155
13153 15 21 2763
7966 20 17 1575
8469 16 27 6779
8752 11 6 5957
9223 20 33 6969
9498 26 23 7999
9583 12 14 8154
9833 10 2 2021
10258 32 19 8878
10401 38 24 2874
10821 4 22 5994
11349 34 9 8501
11606 37 9 6260
11818 7 24 2119
12266 11 28 1904
12697 38 1 4194
13269 7 31 8930
13509 4 39 610
13658 28 15 2006
13692 5 3 3180
14173 19 35 4971
8592 14 10 5308
8824 1 19 686
9330 10 34 6942
9353 35 1 6161
9826 10 11 6116
10308 38 19 4
10347 10 32 5338
10599 13 32 6547
10770 12 37 396
10813 6 16 6449
10919 0 13 7543
11394 12 31 4045
11483 22 19 9871
11672 35 21 1328
12052 35 28 7727
12414 11 33 6805
12545 19 0 786
12782 12 6 9171
13368 27 34 7996
13663 15 8 3305
9211 35 18 434
9415 10 32 749
9577 32 22 5254
9865 34 20 8716
10322 7 31 8950
10454 18 22 7396
10694 39 15 9830
11071 34 15 6742
11136 16 37 5486
11571 34 13 4442
11836 0 24 8077
12400 30 10 7232
12720 2 13 8771
12871 0 13 1819
13260 2 28 584
13581 11 14 6919
13944 14 20 4908
14518 6 25 5004
15087 19 28 4473
15149 2 26 9616
9748 7 30 8496
9862 3 5 4916
10135 37 32 2756
10309 28 34 1416
10313 14 22 1436
10659 8 18 4951
11005 25 18 2011
11422 27 24 3647
11735 36 8 1528
12259 18 1 92
12556 0 10 6653
12947 17 33 1997
12982 38 9 4855
13363 16 26 3718
13723 5 19 5319
13867 30 29 1456
14061 20 37 3293
14341 33 30 5951
14649 33 13 9362
15072 26 3 3566
10760 18 39 7800
10994 34 37 3280
11501 0 1 1281
11850 25 34 4505
12111 25 18 325
12132 10 34 3059
12306 1 38 8523
12446 20 26 3729
12488 33 1 6819
12856 24 9 3404
13107 2 28 90
13287 16 2 9003
13425 37 19 5989
13634 4 33 6162
14196 17 33 5632
14431 39 21 158
14516 14 38 2464
14605 6 18 453
14666 30 23 7272
14818 5 28 6028
10873 30 27 678
10911 2 31 7292
11245 2 6 2670
11360 4 39 1758
11511 39 20 2291
11942 17 0 9354
12391 8 31 9762
12886 26 36 6335
13060 19 18 1583
13287 36 10 8332
13881 25 29 7620
14056 37 31 7611
14558 7 13 2321
15038 39 24 2657
15398 33 5 856
15706 21 7 5015
16006 20 3 4974
16054 15 11 7285
16365 21 37 7884
16714 1 25 1775
11827 14 6 253
11962 5 24 1188
12036 25 33 4669
12157 8 11 607
12514 21 28 4805
12616 1 35 9103
12862 29 3 3233
12998 39 19 6735
13122 14 5 7234
13426 33 13 8992
13882 36 4 7099
13960 10 25 8453
14289 10 15 6684
14392 31 17 1114
14839 28 3 5389
15310 7 2 7003
15815 39 7 3486
16369 25 5 1075
16628 35 9 1478
16691 21 30 8128
12038 3 4 484
12405 3 28 2515
12685 3 16 9764
12870 25 9 391
13324 18 26 3812
13663 8 11 7188
14209 4 15 4446
14605 31 15 5213
14939 17 7 6743
15531 31 8 3719
15712 9 39 377
16105 12 25 7187
16426 16 28 5249
16645 4 16 6105
16815 26 34 3552
16996 35 4 2392
17400 33 16 8944
17553 31 32 2691
17791 31 24 8045
18115 17 21 2668
12777 17 2 262
13003 29 37 4858
13089 11 19 4347
13477 8 26 7252
13999 29 0 6680
14132 26 31 1742
14260 37 6 6857
14795 4 1 8105
15355 36 5 8670
15946 6 14 8478
16101 16 15 654
16467 2 16 7261
16817 11 22 5045
17286 39 36 5676
17706 12 27 6475
17882 35 2 571
18214 4 23 5657
18693 17 31 6733
18878 17 1 7000
18976 17 16 805
13797 15 3 2211
13833 13 5 3043
14231 22 20 1862
14547 18 6 987
15005 39 16 1232
15307 10 30 4599
15328 5 4 6354
15684 17 20 7037
16234 31 29 6374
16271 23 36 5183
16442 13 32 5129
16731 13 11 1209
17227 16 1 2266
17729 21 1 1608
17897 17 30 6450
17970 11 27 8691
18050 3 39 7170
18346 0 19 8949
18646 3 36 7275
18913 4 37 4204
14044 34 7 9176
14186 36 22 5726
14769 29 8 8369
14854 8 32 9306
15305 35 16 7365
15902 29 4 1419
16133 9 31 5728
16216 8 10 5987
16738 37 32 1071
16850 8 26 565
17349 0 4 6454
17361 32 12 5485
17618 36 1 1798
17868 26 10 696
17941 21 3 6920
18469 38 28 238
18491 11 24 6282
18821 16 34 419
19245 23 22 8844
19713 25 28 5829
14832 3 30 9858
15279 27 34 4984
15350 20 26 8211
15829 1 9 6135
16285 8 7 3064
16847 24 33 8886
17097 6 30 6368
17636 15 21 4669
18225 36 5 8269
18330 6 34 9468
18773 37 15 3564
19053 18 10 1158
19256 36 34 4592
19307 30 13 8962
19471 26 29 6127
19872 33 3 1174
20458 14 0 3308
20710 15 33 1849
21168 12 37 6260
21391 13 23 6334
15156 32 37 223
15569 29 15 3967
16137 37 36 377
16456 37 33 3180
16760 30 2 1966
17230 11 38 6192
17455 14 23 7535
17942 12 20 8605
18354 17 6 4297
18387 32 13 535
18947 22 16 3033
19244 15 35 9353
19833 24 18 9144
19853 4 0 9960
20100 16 34 9590
20160 30 19 4869
20718 21 28 6332
20900 14 4 7134
21117 3 18 4638
21644 2 34 7839
15772 27 7 7631
16235 28 18 595
16769 17 29 6477
17132 35 31 4655
17160 22 28 4743
17363 12 4 2070
17731 27 22 8949
18011 6 34 1503
18304 17 32 1601
18786 34 21 9434
19101 13 25 3717
19466 25 23 1830
19813 38 33 9579
20331 20 1 5108
20545 28 2 1433
21020 17 37 8481
21243 29 4 1017
21655 25 33 1403
22086 6 19 2178
22438 27 33 8342
16332 23 31 4975
16622 5 38 4112
16768 31 35 2349
17143 39 17 7531
17541 4 25 303
17965 7 19 1675
18035 10 14 7528
18317 28 32 1101
18752 13 9 7287
18975 10 21 5353
19528 10 24 587
19816 18 22 6109
19924 33 21 3637
20515 34 21 6665
20929 0 24 2847
21135 18 3 5908
21580 15 2 8204
22161 17 13 4534
22726 30 33 3124
23142 33 16 6654
17101 3 36 310
17511 30 7 893
17910 26 22 7385
18036 9 10 3762
18201 9 26 784
18293 11 3 3398
18395 24 0 3978
18555 9 37 5951
18569 37 20 4573
18925 29 39 2734
19026 35 19 5606
19210 14 26 4169
19509 25 5 8065
19721 34 11 8658
19879 8 25 3794
20295 27 15 7605
20482 18 2 4297
20639 24 16 4515
20674 13 16 1758
20783 7 12 4513
17435 5 17 8151
17757 7 20 9917
18038 30 36 6558
18424 12 24 2016
18937 3 19 4502
19385 16 17 5915
19648 1 31 5165
19950 9 27 1661
20028 32 39 7560
20460 11 14 9259
20709 15 29 1950
21003 30 11 5912
21257 39 16 353
21648 11 24 9701
21910 16 25 3616
22072 1 37 8266
22452 18 16 8066
22940 36 13 1937
23481 21 3 5107
23701 18 3 7130
18316 24 28 5358
18414 22 25 9291
18528 39 22 7964
18692 0 3 6434
19070 4 23 4518
19575 19 28 9245
19729 23 20 8369
19776 24 33 9312
20323 28 10 1647
20427 2 15 19
20567 11 35 3376
20635 10 7 3697
21083 26 23 9097
21133 29 24 1370
21596 24 3 8364
21673 6 30 8970
22049 2 7 3902
22121 21 20 2645
22326 5 33 598
22829 39 29 1211
19135 26 19 5600
19405 32 14 9374
19487 30 29 2966
19884 37 31 1871
20021 12 15 3868
20351 17 32 4081
20644 34 12 3925
20776 30 12 1070
20849 19 13 4858
20882 3 14 9044
20890 10 8 4577
21331 1 34 9025
21852 8 35 2697
22352 23 35 4753
22800 5 12 4549
23395 4 20 2909
23399 23 24 5728
23412 29 13 8806
23542 17 1 3580
23929 24 5 7745
19630 20 9 6774
19741 31 5 4574
20333 25 20 4464
20397 26 38 1978
20988 2 27 8136
21567 10 33 7604
21940 38 7 1832
22259 38 35 615
22375 28 33 7954
22647 26 39 4873
23059 17 35 7661
23170 38 37 3017
23667 2 30 5430
24230 35 0 3516
24494 31 17 4622
24540 25 17 5610
24933 38 26 6017
25254 37 17 9018
25293 1 11 8699
25426 19 10 117
20027 3 1 5251
20096 12 38 5854
20215 37 19 526
20458 22 37 3317
20477 37 13 8264
20524 0 39 2872
20890 17 27 2032
21217 20 32 6841
21632 36 24 8858
22029 0 39 3798
22134 25 37 9279
22454 15 6 2994
22598 10 34 2607
23034 3 19 4425
23491 19 10 4345
23793 1 14 3627
24234 22 24 5761
24445 38 16 4914
24463 7 29 2815
24567 2 6 2595
20460 12 31 6604
20804 39 29 2683
20836 5 27 900
20987 17 30 6723
21384 29 3 6510
21779 22 35 725
22231 21 12 3471
22661 1 15 7641
22793 8 2 140
23319 36 22 6503
23578 31 26 5782
23738 33 37 8106
24020 19 1 8868
24605 36 28 8448
24959 10 34 7693
25384 29 23 6371
25674 24 39 1621
25911 30 5 3536
25976 26 0 8188
26328 25 16 9463
21187 34 14 2953
21556 16 38 4971
21561 0 15 4355
21781 24 7 8685
22360 6 8 1210
22429 14 3 1035
22864 29 31 240
22887 39 5 6960
23406 11 36 8286
23773 3 21 3160
24360 12 27 466
24524 18 38 6154
24965 24 29 7411
24999 38 29 1075
25588 0 19 4929
25886 23 34 5301
26445 15 23 4781
26453 19 0 4736
26469 13 17 4941
26939 5 16 146
21919 3 19 8168
22023 6 31 6169
22129 1 20 2242
22327 21 11 1992
22373 7 28 7368
22962 35 37 1802
23025 28 1 7159
23358 3 7 7419
23705 21 31 2254
24201 17 31 2728
24421 6 30 8795
24561 28 19 2214
24907 14 16 9791
25420 33 3 5951
25872 39 4 7286
26061 32 10 3130
26506 28 39 7659
27046 8 1 7790
27410 23 11 3069
27649 14 6 1450
22408 28 31 7959
22922 34 32 2039
23420 18 26 3865
23501 38 13 2304
23847 32 19 7142
24129 34 8 2109
24358 5 26 3617
24798 35 19 7468
25264 14 22 457
25555 10 1 3213
25610 38 10 1377
26122 0 3 1387
26678 30 3 4031
26885 4 29 1923
27317 3 2 8693
27596 15 16 6
28118 35 19 895
28695 25 21 2363
29270 18 22 8674
29653 13 23 3826
23223 2 34 8346
23705 21 10 5399
24018 16 33 9038
24421 18 31 9890
24769 9 3 7451
24936 5 34 5782
24996 29 3 298
25083 20 25 4590
25438 5 2 8990
25476 23 24 4537
26027 33 36 6520
26356 25 35 3859
26485 33 10 4956
26864 23 22 2334
27056 37 19 2613
27617 33 38 8921
27711 25 9 6880
27745 21 8 8165
27885 36 12 211
28478 3 9 6789
23491 39 36 7641
24074 28 10 8226
24217 13 27 6963
24640 24 0 7695
24710 19 9 5680
25271 4 37 3015
25794 35 36 9487
26081 2 33 2035
26319 17 9 470
26544 14 31 4331
26889 30 7 3565
27489 15 21 4475
27658 22 7 6017
28013 29 4 1688
28239 34 38 75
28532 38 8 6930
28538 22 37 9328
28543 10 32 9888
28677 13 10 265
29194 23 15 8696
24590 11 10 8542
24622 29 34 4684
25221 28 3 5930
25712 9 28 7694
25942 33 27 6450
26168 33 11 8118
26600 33 37 2005
26786 19 32 7953
27325 31 7 9605
27785 0 36 2066
28293 6 21 9855
28432 14 11 8353
28626 4 20 4679
29183 14 36 9065
29347 35 9 8887
29896 30 35 611
30098 20 29 4508
30533 35 15 4223
31077 20 8 687
31416 38 22 7040
24915 37 32 9439
25292 25 18 7784
25436 18 4 5408
25628 28 30 3425
25658 20 6 2885
26136 39 34 3404
26266 13 27 8748
26339 38 2 6747
26621 16 1 5810
27126 35 22 7583
27620 7 25 8370
28200 26 21 1627
28607 38 8 9109
28793 15 6 441
28944 25 15 8706
29087 39 17 6811
29293 6 30 1318
29559 15 34 3006
29607 25 0 3514
29970 1 16 2647
25397 7 35 8424
25876 31 11 1602
26270 23 27 9087
26529 39 21 2369
26932 36 33 1809
27423 22 30 2383
27670 29 2 8959
28064 22 30 8224
28655 15 11 176
29110 8 37 8872
29247 31 16 9197
29542 37 24 371
29542 2 15 8683
29890 20 5 2644
30079 3 36 2910
30571 22 39 6494
31063 25 28 6645
31089 25 12 8027
31478 3 17 5077
31882 27 14 9503
26266 0 33 7036
26358 16 39 8913
26762 7 23 2632
27355 22 29 9611
27581 22 32 2025
27997 23 14 7653
28229 25 32 8526
28752 23 31 3021
29101 39 13 197
29499 39 23 6716
29995 6 26 4561
30344 0 20 3262
30630 38 21 3873
30860 24 28 4040
31188 5 38 1639
31318 23 38 1816
31397 21 28 1637
31844 14 33 5991
32020 21 16 5089
32144 37 28 3728
26522 31 28 7510
26652 11 7 2688
26826 0 5 8492
27188 33 17 8031
27433 3 24 3111
27647 10 20 1793
27951 4 36 2785
28354 34 30 6526
28853 32 19 5569
29296 10 12 4154
29605 4 17 4504
29730 35 7 9602
30150 18 29 3596
30506 13 9 3851
30627 33 21 8394
31223 16 28 4518
31562 11 6 6217
31947 21 35 7860
32523 16 23 1001
32641 33 5 4742
27038 10 36 7928
27046 24 19 6690
27633 6 27 6267
27993 32 31 9311
28233 27 28 3255
28502 31 6 5069
28693 4 25 344
29069 4 17 4615
29239 10 27 757
29685 7 26 4145
29874 39 6 8663
30221 2 8 3375
30660 28 37 9827
31172 11 24 2291
31409 32 31 5919
31992 16 14 9894
32252 19 11 9971
32485 19 33 4240
33013 24 39 7426
33519 23 37 34
27778 20 26 4031
27824 37 15 3510
27884 8 34 5057
27979 2 34 5370
28501 11 29 3165
28899 7 5 2644
29019 39 23 6537
29213 19 17 1218
29566 35 32 8128
29759 38 22 4401
29828 35 2 9650
30212 16 13 2846
30324 13 35 4590
30521 29 1 8161
31050 11 29 2434
31297 27 17 4748
31562 29 7 2807
31960 9 16 1239
31971 14 11 266
32187 34 28 7688
28727 20 13 4254
28771 26 20 3912
29126 15 16 3737
29246 16 31 1722
29507 0 36 4148
29662 3 17 9163
30096 9 28 9683
30685 5 7 269
30790 37 31 5726
31063 12 5 1454
31494 26 9 700
31999 5 32 3947
32476 16 4 1384
32782 27 8 6915
32897 9 19 3647
33106 31 9 7750
33147 32 10 8179
33289 24 28 4226
33697 38 20 3383
33951 14 8 6284
29090 19 23 8871
29509 11 7 9179
29659 1 38 279
30183 24 15 1490
30650 22 36 2837
31131 7 38 3308
31698 14 25 7390
31853 36 19 2255
32034 28 30 3961
32154 7 12 8240
32362 30 20 5938
32362 22 17 6441
32782 11 16 5013
33276 37 25 8577
33334 9 17 1109
33527 33 35 8885
33967 38 7 3756
34052 9 11 5669
34610 14 26 3652
34924 33 18 2007
29444 22 29 6937
30025 19 24 2600
30560 17 8 5476
30797 4 12 108
31175 10 29 7336
31320 34 12 5532
31667 3 27 2312
31988 34 32 3901
32419 14 26 1971
32436 11 30 4834
32766 34 18 1421
33175 16 23 8909
33561 6 18 2214
33863 27 14 4990
33882 1 25 1888
34442 19 4 9441
34670 30 22 684
34844 5 34 9452
35424 21 36 5107
35530 14 27 2150
30541 5 9 3217
31105 37 0 1607
31423 34 0 1587
32015 10 20 556
32555 13 34 4612
32724 7 25 2861
33020 25 2 6137
33261 36 24 8962
33449 31 12 7833
33585 19 36 7560
33963 25 1 8271
34008 5 38 6
34076 9 31 3868
34291 7 35 3603
34757 33 2 9973
35046 6 39 2554
35162 8 37 1693
35312 4 36 8856
35823 10 21 8499
35950 3 25 4637
30847 14 34 5558
31211 10 26 3727
31347 15 9 5110
31591 38 34 2590
32062 6 32 1532
32617 1 14 740
32876 37 9 6646
33197 33 23 7896
33390 26 8 4425
33745 24 33 841
34030 5 36 8334
34103 31 10 347
34187 16 24 9924
34402 33 29 8736
34764 10 23 122
35247 17 4 7901
35739 34 14 3067
36295 22 29 4535
36428 6 38 7722
36981 4 30 1220
31439 25 18 2077
31514 12 10 7051
31894 5 37 9030
31963 25 8 1370
32132 16 5 7848
32450 8 30 8232
32603 29 39 7363
32888 37 0 4334
33035 25 14 1471
33399 21 10 7934
33961 3 19 745
34084 7 36 2027
34211 9 34 7976
34547 1 22 4977
34730 9 32 6036
35307 32 8 2288
35423 7 30 4871
35429 34 0 9197
35551 9 22 8085
35685 8 20 7017
32092 26 22 625
32467 11 4 6698
32610 13 34 9942
32665 29 18 349
32675 6 16 4858
32979 35 16 748
33374 39 9 2745
33698 25 33 4136
34111 39 28 9215
34589 24 7 6076
34910 16 7 432
35030 35 14 2099
35437 29 3 7299
35731 23 39 431
36094 36 15 7137
36401 15 19 5349
36642 3 2 1192
37125 2 28 56
37588 13 15 3093
38087 19 2 2082
32552 34 1 1429
32796 10 16 5497
33301 13 15 2955
33612 37 5 4240
34008 6 31 1453
34269 18 17 5038
34564 14 34 2404
34600 22 18 1746
34690 23 22 4887
34828 9 19 4681
34935 38 39 8346
34949 14 12 2510
35193 23 4 7107
35370 8 30 9434
35389 30 5 751
35441 20 18 8646
35807 10 38 5244
35971 29 9 4858
36009 21 38 7520
36513 34 13 6319
33395 24 28 1371
33603 24 20 5430
33657 33 35 4914
33796 22 26 3784
34130 35 39 1404
34145 12 3 3322
34343 5 38 7714
34429 28 23 2567
34598 14 4 5841
34888 6 1 5470
35444 5 28 1025
35644 17 1 2653
36171 22 39 8771
36732 32 0 9347
37247 18 9 5244
37616 19 34 3817
37994 25 10 669
38070 33 5 1968
38093 38 15 3782
38470 2 18 4916
34186 28 1 8534
34656 9 33 2978
34880 13 14 7891
34919 23 11 5762
35267 30 1 4494
35527 21 3 1643
35937 34 2 9724
36160 5 19 6305
36372 35 2 3343
36518 29 9 575
36683 12 18 6219
36980 36 33 7143
37529 15 7 3731
38001 32 10 7059
38344 3 30 7746
38571 6 24 7929
38726 18 33 3350
38792 8 33 5530
39277 4 34 8593
39791 4 27 8247
34367 39 11 1825
34526 19 1 9732
35068 1 30 3460
35618 7 11 4500
35939 2 30 5775
35941 0 34 3666
36527 29 19 4072
36622 18 12 5686
36983 39 7 2340
37355 29 37 7089
37783 3 33 4663
38114 12 9 5870
38555 38 34 235
38972 21 31 303
39211 19 21 7309
39664 24 7 33
40048 14 25 6752
40423 19 35 7692
40584 18 31 2440
40640 38 0 9045
35137 15 33 2757
35578 6 2 3852
36028 6 14 8434
36461 3 23 6746
36974 31 27 5288
37249 29 22 1455
37829 1 28 4352
37894 22 20 3130
38302 10 11 2400
38455 36 23 6962
38911 26 3 5070
39135 38 35 5643
39319 34 2 8333
39806 8 33 9902
40223 27 8 5802
40576 29 27 4737
40844 26 13 8552
41289 28 2 9984
41544 26 28 2565
42047 22 16 7182
35599 9 36 3022
36179 10 15 3732
36542 20 11 6493
36613 23 9 8343
36650 20 18 2933
36847 25 31 6383
37231 37 9 6088
37694 2 12 7682
37737 39 7 7736
38135 3 6 4327
38153 38 19 9582
38378 38 9 8479
38545 13 9 750
38671 17 34 1896
38743 6 34 9499
38896 0 29 5602
38967 33 11 4939
39223 17 31 9508
39296 8 26 5914
39649 22 30 2587
36306 26 15 4900
36878 34 24 8523
37122 25 29 6711
37576 0 12 4338
37917 7 15 4438
38113 10 24 4933
38514 20 27 5216
39008 7 28 1180
39436 9 32 6846
39541 34 3 5522
39720 24 3 6721
40072 38 22 1491
40504 27 20 7536
40513 31 7 2362
41082 23 18 5635
41644 24 12 3958
42219 2 27 7881
42231 8 14 8194
42540 7 15 4714
43117 15 30 1894
36847 16 35 2860
37340 34 27 499
37765 36 37 323
38138 24 19 9163
38415 11 25 1139
38960 19 11 5808
39302 6 10 5764
39830 39 27 6786
39951 27 20 4815
40298 39 18 2506
40689 4 8 6659
40771 5 31 6942
41082 5 6 6836
41470 33 11 4646
41729 23 35 5581
41850 10 12 2105
42378 26 27 7388
42445 15 9 1384
42956 35 25 1583
43479 14 22 5194
37456 24 2 4463
37791 31 17 3376
38031 23 38 8188
38460 16 13 2220
38719 9 8 5534
39094 33 31 2557
39691 10 1 2669
40115 26 5 248
40501 8 34 9705
40825 20 2 1967
41259 27 24 6942
41536 30 38 4422
41853 36 3 9784
42439 12 2 1403
42965 6 19 2940
43042 9 23 7422
43144 10 8 6415
43251 6 29 722
43402 35 33 2888
43840 36 34 742
38006 36 5 5714
38158 1 32 8400
38592 21 2 835
38961 11 27 3507
39513 25 0 1225
39898 29 15 9685
40231 30 38 4173
40412 31 39 7514
40980 22 14 7287
41259 35 4 9188
41294 33 17 8522
41320 12 4 5850
41607 22 21 1081
42042 6 29 3411
42230 31 14 3055
42313 34 23 7532
42339 15 12 7055
42544 19 4 3585
42806 6 14 8739
42943 14 19 2720
38861 27 34 6802
39410 39 27 4141
39957 1 27 178
40242 16 24 4037
40726 35 21 9352
41207 28 14 8207
41693 31 34 4282
41712 8 22 3359
41991 6 15 1416
42244 37 26 6590
42590 7 37 8459
42835 10 0 1590
43133 25 31 1160
43174 28 9 7897
43278 17 5 4952
43717 33 16 7294
44182 24 23 4818
44415 15 20 3802
44853 39 13 6557
45150 20 23 6810
39137 20 11 8981
39578 13 5 4863
40070 21 23 9789
40543 21 0 8844
41083 32 28 5633
41637 27 0 1380
41866 35 19 9721
42375 1 32 824
42607 1 28 4891
42711 22 21 5738
42740 31 35 2744
42867 7 3 6097
43421 20 12 2789
43457 29 15 4672
43898 3 5 277
44395 39 8 6720
44613 27 16 2368
44695 32 15 3147
45054 10 39 1369
45632 34 32 282
39917 30 23 2714
40193 8 4 5333
40193 19 26 1097
40350 39 25 7710
40577 32 35 6610
40904 14 3 197
41395 8 35 9576
41683 1 36 5925
42002 32 2 1003
42372 37 14 8436
42750 1 5 5605
43104 11 4 241
43536 35 2 6305
43703 7 11 2213
44223 15 34 1147
44608 26 38 8078
44663 37 26 8172
44867 29 14 1365
45138 19 3 529
45411 37 6 5610
40262 24 17 5548
40469 30 1 1719
40795 26 14 6192
40834 36 22 9164
40879 8 3 9313
40983 11 9 6954
41494 2 18 2365
41647 25 32 5699
42243 29 18 5404
42670 18 33 9066
43234 38 29 697
43370 1 3 1055
43899 19 32 7113
44403 5 38 2581
44713 23 21 2473
45267 21 11 2723
45373 30 36 577
45445 34 12 7202
45619 18 15 8294
46167 34 3 5470
40969 9 14 1700
41552 33 9 2910
41811 8 14 3772
41832 28 8 7504
42381 15 29 8682
42392 10 31 7514
42874 15 11 545
42959 20 1 1362
43515 25 35 4166
43903 32 2 8471
44109 20 10 3144
44623 2 21 2244
44978 23 17 6683
45417 7 6 5086
45750 8 7 9982
45821 12 9 8022
46006 4 36 9514
46106 32 25 1694
46542 23 8 1719
46814 17 28 3409
41474 28 34 101
41593 0 17 7713
42193 6 1 2015
42208 6 4 6602
42399 1 35 6084
42656 8 26 824
42929 12 29 8357
43480 7 1 9119
43854 6 14 1418
44428 34 2 9779
44848 39 4 7179
45427 27 22 3915
45700 12 3 8820
45768 25 13 3849
46135 20 22 349
46335 15 14 6356
46523 7 31 1022
46999 37 39 2773
47523 23 25 1590
47620 2 38 5845
42256 6 26 3299
42718 30 3 8955
43017 39 13 3774
43515 8 7 6968
43625 16 39 3446
43745 5 10 278
43860 31 8 2614
43924 34 10 9990
44083 21 38 362
44393 35 23 3386
44630 28 2 2617
44917 36 30 238
45497 6 26 6164
45764 20 24 1226
46200 18 6 2697
46298 2 1 5738
46777 22 17 3986
47317 31 36 9339
47776 21 39 8201
47948 22 4 5731
42682 34 35 3555
43173 30 39 4276
43321 30 5 47
43473 15 37 4473
43756 7 35 3988
44233 27 20 100
44549 21 26 7863
45106 13 10 8377
45133 17 23 3665
45305 3 25 5743
45678 17 16 6537
45858 25 37 5494
46334 28 18 5844
46724 12 0 5815
47198 33 36 2517
47392 36 20 3034
47468 35 32 6448
47630 37 25 2750
48009 23 28 6754
48139 4 30 4640
43494 31 32 6774
43909 14 34 4486
43949 15 19 3023
44292 38 34 2625
44355 13 36 3529
44921 10 37 7067
45266 2 33 5163
45608 11 2 6142
45614 7 21 2906
45696 39 20 6785
45878 21 34 5968
46435 2 1 4617
46471 34 22 3372
47047 7 27 9125
47176 4 38 3288
47280 24 30 6713
47720 4 19 3072
48304 22 5 5035
48691 25 31 6807
48989 8 18 1475
44017 13 15 8310
44215 22 24 40
44381 33 3 8855
44405 22 39 2472
44627 1 19 2434
45118 0 10 6728
45574 10 34 4377
46075 21 28 708
46348 18 38 3070
46781 3 19 6436
47354 38 4 3478
47430 22 24 9395
47984 33 28 8430
48030 8 7 2667
48602 13 17 5606
48924 36 5 4065
49127 24 26 6957
49130 24 17 2883
49644 34 8 6559
50168 0 4 3691
44845 31 24 2677
44867 13 18 7228
45055 36 23 3195
45515 23 22 6293
45832 36 5 3669
45918 37 9 5682
45998 16 29 1329
46199 15 39 5714
46227 1 15 2376
46425 36 28 2243
46443 7 12 6425
46843 28 26 997
47303 2 15 536
47415 21 30 7062
47625 39 14 3677
48210 3 32 2523
48296 2 39 4106
48491 9 15 6743
48666 36 2 2125
49059 0 4 7422
45307 20 21 9361
45449 7 4 5084
45886 3 29 2840
46442 21 7 5257
46786 13 16 8472
46791 11 32 1879
47346 9 16 2802
47614 8 37 7689
48053 11 15 3262
48078 21 8 9555
48401 13 18 6912
48985 12 4 2434
49116 24 17 6664
49418 10 33 2674
49540 39 10 9896
50035 0 8 3454
50063 8 36 7075
50178 34 0 9475
50692 13 30 7624
50694 21 7 2144
45804 0 37 3758
46108 5 17 6301
46491 6 30 3698
46809 8 30 7872
47337 18 13 9482
47875 35 28 5360
48152 29 18 8411
48601 33 8 8056
48619 32 35 447
48640 23 15 8063
48784 13 18 1202
49048 39 22 9856
49522 7 11 5345
49792 39 0 6106
49858 32 4 1596
50134 26 6 7900
50472 22 20 1221
50819 10 27 9338
51381 34 3 425
51748 10 35 6881
46488 8 5 1346
46728 8 23 4701
46990 33 29 7962
47586 35 9 727
47748 15 26 5360
47801 0 29 8007
48357 37 15 5757
48429 29 1 9320
48501 34 1 8142
48994 36 37 4260
49510 23 31 9742
49730 37 21 9553
50273 30 31 6280
50409 32 31 2175
50642 5 21 4556
50999 13 31 7665
51120 6 23 7157
51496 0 7 3203
51625 31 9 8122
52011 34 3 2969
46843 27 13 2657
47327 18 0 126
47560 34 32 6449
47817 39 1 5122
48087 28 7 4523
48493 23 1 5165
48722 20 33 4213
49263 25 13 5042
49401 11 6 9227
49625 24 15 2937
49746 24 11 4226
49915 26 30 4012
50075 16 4 5970
50147 18 9 6884
50266 37 28 8725
50473 26 33 8375
51011 2 31 4738
51095 7 21 1181
51523 27 16 7535
52004 29 8 5574
47731 17 9 7163
48044 20 23 1240
48361 15 1 1119
48626 35 20 5350
48921 30 27 968
48945 14 17 5226
49085 7 8 9768
49433 12 11 9761
49948 36 13 1072
50278 5 1 3519
50439 11 32 685
50467 12 18 3857
50856 29 17 5337
51180 10 20 1996
51310 35 20 2280
51445 24 23 7933
51751 0 6 7167
52106 39 18 6468
52515 13 39 9983
52797 9 12 4281
48053 28 27 5030
48615 11 38 7142
48820 36 37 9476
48873 37 1 6120
49317 30 5 7819
49566 11 30 4037
49601 4 39 6444
49799 23 28 734
50358 3 6 311
50459 7 21 3874
50862 2 18 9606
51273 32 24 3801
51831 7 16 9961
52123 2 13 1191
52259 2 31 5070
52532 29 4 3463
52930 15 6 6955
53316 28 1 3457
53719 5 25 3314
53974 26 36 6694
49129 25 20 5526
49356 21 27 2085
49916 11 36 3190
50199 4 6 1002
50360 33 17 9818
50870 25 37 9237
51021 35 38 1432
51180 36 27 5353
51281 11 20 4627
51777 15 17 1508
51841 36 29 3491
52312 3 25 6545
52772 25 5 2978
52907 3 20 7181
53308 17 36 1303
53795 26 17 771
54360 1 17 6191
54667 12 37 5759
55174 38 1 378
55599 2 1 8061
49314 15 12 2148
49823 37 10 5235
49963 5 7 5609
50418 29 8 6867
50758 9 30 5666
50910 25 22 7850
51057 28 12 3826
51464 18 20 3285
51929 28 4 1068
51966 22 29 5212
51970 18 20 2215
52040 11 31 1412
52223 25 3 89
52370 17 2 1520
52658 28 37 6079
53185 30 11 7793
53424 28 29 7476
53554 23 27 1126
53753 6 21 8556
54256 12 27 2162
50114 22 15 4549
50201 17 3 1931
50751 23 24 4912
51125 19 5 1237
51206 20 7 1489
51288 33 26 1558
51581 34 15 9712
51658 30 35 7733
51704 23 5 3237
51781 9 20 8836
51897 11 3 92
52433 33 14 2044
52603 3 11 6103
52857 29 2 6733
53455 26 3 3109
53799 9 22 5233
53909 21 20 949
54105 30 19 1012
54367 3 19 9733
54412 5 35 420
50639 0 2 2289
50724 24 5 729
50762 7 36 2539
51015 34 0 9885
51213 26 6 9845
51468 22 16 540
51685 1 23 4471
52121 17 27 3842
52628 36 19 6028
53228 22 37 9991
53809 28 12 7399
53939 29 16 9270
54308 20 7 6472
54849 39 2 7619
55064 32 35 7771
55585 24 29 3061
55822 25 14 7727
56071 30 9 3899
56371 23 6 391
56543 0 23 5194
51104 23 10 7858
51509 13 17 9380
51828 35 14 8121
52338 34 2 2917
52828 8 22 4561
53013 33 20 1607
53250 37 33 2953
53338 28 2 9281
53375 14 3 5173
53856 6 18 7054
54117 10 22 4569
54660 11 29 7385
54996 38 32 7019
55256 19 38 6583
55778 23 39 1324
55930 22 19 248
55982 33 30 9074
56363 16 24 4001
56767 27 39 8701
56896 0 9 556
52001 0 30 5627
52314 38 29 8452
52621 16 8 2611
52655 22 36 3813
53167 14 23 6636
53389 10 21 6492
53830 11 3 4726
54271 39 36 3803
54729 33 32 9402
54942 0 25 2289
55107 34 18 7560
55538 19 11 3885
55820 12 16 2608
55944 1 8 89
56109 1 3 2137
56410 2 22 4043
56573 14 36 977
56763 35 17 9061
56857 17 16 6664
56976 35 8 457
52358 34 36 5361
52717 39 11 5577
52836 1 7 2742
52969 29 3 7047
53081 35 30 9450
53118 20 17 4294
53691 4 8 5571
53857 33 14 4164
54347 1 28 8314
54504 23 8 6108
54618 38 22 9700
55149 14 17 3881
55301 10 35 4497
55794 38 9 7809
56022 34 29 7021
56025 4 8 7396
56601 10 35 7819
56602 22 23 3735
57031 1 21 5009
57263 2 6 6618
53242 29 37 330
53776 8 30 7395
54036 37 23 220
54492 17 37 3831
54585 1 24 6026
54762 2 26 4068
54861 38 20 3702
55038 18 23 7627
55469 13 22 7182
55610 14 13 9049
55654 12 6 3045
56180 7 15 2999
56180 8 5 7874
56267 16 22 1468
56690 34 37 968
57019 17 8 1287
57171 14 5 3309
57627 2 17 6228
57717 29 4 4987
58106 25 6 8244
53911 10 23 6032
54386 17 32 3136
54631 28 26 1312
55136 34 24 9732
55534 34 22 5783
56083 5 34 7471
56149 37 10 2416
56635 27 5 6744
56687 2 34 9759
57082 18 1 9754
57298 15 9 8401
57567 26 0 6666
58099 36 31 8089
58482 7 1 4037
58978 9 38 1607
59290 2 19 8679
59674 4 14 7223
59832 3 23 4638
59844 23 8 3623
60000 20 12 2297
54524 4 7 263
54797 8 25 921
55083 22 25 2972
55376 20 23 7284
55787 1 39 5129
56198 9 16 458
56662 4 26 2970
57102 27 1 1402
57466 24 32 4056
58063 20 28 4246
58258 28 18 6658
58722 15 27 2574
58971 35 38 6460
59115 17 10 8107
59181 32 29 145
59368 26 10 2571
59824 8 28 7922
60395 5 17 4955
60733 32 36 6385
60970 9 15 7949
55125 12 3 6673
55332 20 1 760
55900 1 10 4692
56049 33 21 1039
56562 7 15 3326
56625 3 22 7646
57138 27 3 2080
57151 4 18 3472
57739 9 12 4005
57904 26 25 7624
58202 14 9 8320
58310 23 39 6575
58676 32 36 9264
59167 6 8 5277
59693 8 21 4437
59799 1 31 3035
60164 16 4 7164
60626 4 30 58
60809 18 38 9570
61248 26 2 3104
55315 34 13 4209
55708 20 32 867
55838 1 29 5682
56326 15 18 9350
56873 1 0 2810
57283 21 34 436
57399 31 28 4154
57957 5 25 6874
58246 33 23 3724
58772 0 33 6528
59257 13 33 2995
59549 9 33 8092
59852 19 24 7237
59934 8 11 3929
60257 15 10 7989
60307 0 19 4491
60760 33 14 1919
60868 9 36 5734
61304 28 29 6020
61476 2 29 1249
55861 27 39 3895
56114 19 13 7371
56640 33 23 2716
57004 0 7 8207
57013 33 27 4827
57028 13 26 4555
57083 25 3 1588
57223 34 38 8921
57457 25 4 8686
57691 34 4 6733
57970 0 2 5446
58517 33 15 7466
58598 0 6 1405
59144 32 22 1042
59663 38 36 4983
59940 18 38 8247
60079 30 18 1365
60236 25 1 8085
60304 37 36 4841
60315 10 4 2270
56724 3 4 6051
57147 30 15 6849
57482 29 39 2164
57746 23 3 1444
58241 0 21 1246
58543 23 37 5906
58609 36 18 6764
58896 25 27 5640
59119 34 30 875
59623 7 34 7097
59815 14 17 9557
60094 16 31 9361
60121 16 37 3426
60221 8 3 7440
60760 8 33 7316
61146 2 30 8069
61390 20 28 383
61896 28 37 4259
62449 9 24 1956
62885 16 17 490
57006 39 8 3552
57156 7 17 3084
57227 33 31 1019
57366 29 3 3470
57909 4 2 6106
58159 33 24 9466
58556 26 8 6548
58798 20 22 3751
58996 38 10 1410
59346 33 37 3539
59368 10 23 5289
59556 16 3 7807
59731 16 1 2003
59797 15 21 8656
60178 5 38 7066
60777 7 38 865
61369 24 23 7393
61779 0 33 6813
62082 16 33 7148
62400 20 6 1235
57645 22 12 163
58199 17 3 523
58230 37 18 2654
58499 39 16 7840
58975 34 22 5127
59122 28 16 2878
59467 31 18 2288
59915 39 11 135
60444 17 31 5214
60607 1 7 9962
60635 22 9 3038
61063 27 7 2710
61219 4 32 2279
61665 20 33 9559
61988 0 10 3037
62366 6 9 181
62556 6 16 250
62784 24 10 6470
63028 0 19 2845
63590 10 33 2393
58208 39 0 985
58237 16 4 3576
58725 38 23 8423
59318 1 22 3039
59848 34 13 1260
59936 29 3 2427
60336 1 29 2700
60896 5 32 6857
61273 20 27 9877
61401 19 38 3862
61533 38 13 3934
61697 6 2 3840
62099 38 25 8129
62652 31 4 8286
62723 24 0 5741
62809 38 13 6889
63349 2 25 1537
63752 32 16 8648
64268 6 1 9979
64811 39 12 9801
59008 26 32 4153
59284 20 26 594
59734 24 18 1624
60274 37 8 296
60341 35 17 4920
60928 6 9 8707
61113 12 20 3616
61212 1 20 4021
61262 8 22 9796
61605 5 14 7941
61884 13 7 8051
62051 23 3 4129
62583 25 22 924
62691 2 5 2852
63201 23 17 6069
63412 4 30 943
63445 12 6 7075
63851 19 21 2227
64153 24 20 6444
64258 27 10 2289
59758 23 33 5640
59949 25 18 8048
59989 38 39 8188
59992 39 32 459
60515 6 25 8725
60760 20 0 5141
61059 12 13 7165
61407 7 16 3491
61609 14 21 7606
61678 37 38 1142
62130 3 38 2166
62324 12 38 9942
62558 0 23 8093
62649 19 11 4762
62687 16 19 3249
63074 36 7 6505
63516 19 0 1453
63608 29 12 5246
63910 23 35 6055
63924 33 37 4069
60165 34 9 7555
60348 7 26 6003
60920 15 26 5098
61301 35 13 566
61887 12 25 4834
62248 15 36 5708
62589 33 10 1103
62697 3 17 8079
62714 30 17 1098
63076 13 35 9958
63629 34 39 8164
64164 23 18 807
64198 17 0 5944
64666 28 9 4389
64897 9 10 6743
65459 22 34 9126
65583 13 6 7753
66145 31 8 2052
66626 39 36 2532
67103 38 31 8574
60618 21 17 6253
60717 39 12 1624
61257 5 25 7993
61595 34 36 5812
61716 29 12 4891
61764 17 22 4129
62067 14 11 9411
62651 35 20 8508
62687 4 2 3161
63051 7 15 8768
63121 28 0 4585
63597 2 32 8577
63610 24 19 4279
64158 7 17 2998
64328 33 32 700
64712 8 30 9303
64739 32 20 5737
65023 27 36 8878
65406 32 36 9540
65849 10 25 920
61454 39 30 2685
61552 15 19 8094
61874 39 28 7254
62281 24 4 5416
62310 3 13 5749
62581 33 18 554
62985 4 21 2999
63139 29 19 6055
63533 1 29 3124
63970 10 28 2677
64518 37 27 4404
64808 38 37 344
65308 28 7 8893
65891 5 14 6638
66401 32 25 9642
66545 15 23 1871
67108 21 7 1126
67306 18 14 4812
67635 16 31 4781
67911 30 22 4011
62047 10 7 2230
62506 17 5 1425
63028 26 6 3865
63147 22 6 2118
63610 8 3 1101
63742 14 34 508
64182 10 20 518
64425 20 14 8313
64440 38 7 220
64536 27 1 479
64858 15 13 6071
65219 1 24 9979
65364 6 23 8675
65565 15 0 3571
65585 29 10 7105
65911 10 17 9217
66374 9 7 7763
66932 0 25 425
67183 36 34 9828
67591 4 2 9655
62489 9 16 4874
62516 35 33 6773
62925 0 24 8339
63452 23 14 3866
63480 11 6 8230
64053 9 23 2918
64567 25 8 1347
64837 26 23 1359
65221 29 32 8546
65567 0 15 1607
65920 26 22 6889
66287 39 25 4895
66808 14 27 4236
67017 0 3 6440
67092 37 28 3559
67461 14 22 3021
67977 17 31 8104
68257 30 17 8981
68383 21 30 1783
68658 8 3 444
63443 1 28 1345
63476 21 29 4983
63581 1 34 8832
63789 27 10 6241
64183 12 26 921
64316 19 20 127
64715 26 30 791
64864 14 33 8254
64907 33 5 6698
64991 9 31 7716
65515 28 30 6045
65822 6 39 70
65939 27 25 2453
66373 3 39 576
66579 12 21 704
66872 4 16 5135
67193 22 7 2488
67782 31 37 1761
68380 28 14 7820
68747 13 24 903
64176 25 24 7988
64691 19 31 9616
65185 1 35 2723
65533 4 23 3373
65992 21 2 4155
66570 28 11 2761
66664 13 5 1353
66915 19 7 6784
67313 19 16 7631
67822 2 19 838
67890 2 10 9796
68420 15 5 3045
68852 20 3 7893
69030 22 9 7276
69363 13 4 761
69462 36 21 8795
69765 32 20 6087
70287 36 28 6468
70861 6 33 8129
71382 12 23 1713
64732 20 9 4307
64966 34 37 9354
65325 13 37 2636
65677 17 2 1219
65950 8 21 4864
66136 14 8 7867
66189 13 6 399
66361 24 2 1836
66676 13 7 4671
66715 37 10 3212
67129 30 39 3673
67614 33 21 9935
67900 17 9 9390
68340 4 14 9530
68774 12 18 8550
69293 38 26 5589
69339 36 28 7586
69706 9 2 6667
70207 8 16 7779
70748 11 39 7445
65069 24 26 3060
65260 26 18 5516
65605 1 6 1418
65921 12 13 3905
66297 20 10 6517
66607 24 1 1829
67122 37 34 1498
67163 17 7 5082
67677 18 30 4589
67758 13 21 7555
67883 34 22 7805
68463 7 10 6321
68497 1 26 8102
68671 33 5 1765
69265 37 29 516
69807 24 12 7241
69980 2 16 7847
70202 27 28 8065
70303 30 18 2615
70643 33 3 8788
65462 23 16 4920
65473 18 30 8031
65516 39 38 7265
65861 39 18 1117
65883 13 10 2079
66302 25 15 9872
66431 30 3 2139
66757 7 8 5814
67169 3 35 3803
67194 28 25 8028
67273 30 4 4953
67784 3 25 1795
68275 37 3 1382
68514 32 35 4126
69109 21 12 6964
69231 38 3 8966
69534 3 30 8530
69809 28 16 1184
70179 8 28 9621
70558 35 21 5194
66433 10 29 3048
66905 32 5 2329
67119 14 36 3462
67421 39 28 2369
67801 38 12 5646
68342 39 0 9419
68935 22 16 2512
69384 34 10 5056
69925 12 2 5191
70263 30 0 3818
70521 10 4 8646
70908 25 22 1028
71054 7 3 3324
71407 34 38 5043
71952 21 9 9705
72493 15 33 7394
73011 8 27 3680
73020 31 5 1602
73153 30 39 4764
73568 4 21 5115
67062 36 9 7497
67149 38 30 7791
67656 20 26 4623
68159 28 33 6842
68331 16 0 7116
68496 34 19 4029
69064 3 28 7270
69419 16 7 549
69880 12 34 4028
70043 29 36 1973
70215 30 5 5595
70501 7 34 5326
70666 1 16 1748
71221 34 22 6650
71384 20 36 566
71704 28 23 1512
72231 9 14 3059
72768 24 5 3804
73053 12 7 7245
73093 36 23 8691
67746 26 28 7494
68109 14 5 7983
68404 27 7 6972
68441 37 24 4792
68660 5 18 2706
68718 15 7 5476
68887 19 24 530
69321 18 28 814
69530 16 35 2789
69893 24 28 4774
70086 15 33 6568
70578 17 36 7745
70578 12 25 2664
71088 10 2 9604
71146 34 33 308
71529 37 39 6707
71782 30 31 5395
72288 24 4 866
72764 20 30 3334
73131 20 24 7741
68020 38 15 6372
68091 13 37 600
68213 21 14 6353
68245 31 8 7287
68694 16 18 3431
69159 14 29 9137
69355 30 17 3431
69714 16 25 1569
70273 39 1 9465
70762 32 17 523
70979 29 34 9688
71534 35 0 9324
71569 20 5 1283
72157 12 21 5662
72162 24 17 7423
72557 19 27 3251
73115 32 36 3581
73499 30 37 3439
73693 19 28 599
73782 16 35 6330
68426 2 22 6770
68634 28 30 9368
68975 37 2 1858
69255 22 4 5010
69304 34 33 3135
69659 15 20 1845
69875 21 28 1317
69964 24 15 1514
70002 22 16 3587
70185 5 15 8161
70619 25 7 347
70782 34 4 1322
71158 0 21 5655
71685 30 3 5640
71787 15 21 8986
71969 34 9 1306
72241 38 11 2239
72531 4 20 6080
73043 30 32 5002
73045 10 3 9289
69028 25 17 9649
69305 22 26 4570
69664 36 9 9383
70239 36 34 2479
70306 16 21 7648
70848 4 10 4705
71339 24 39 6497
71392 23 13 1726
71574 19 14 8580
71795 12 14 484
72330 6 35 7971
72721 37 29 7192
73126 7 6 7782
73675 20 14 1738
74036 14 26 183
74256 38 29 1482
74775 2 14 4490
75135 23 4 4203
75180 9 22 5558
75234 36 31 4046
69821 39 24 8166
70320 22 20 4064
70823 13 27 494
71242 18 3 152
71424 2 9 125
71904 2 7 5257
72139 15 21 6409
72323 24 35 1734
72510 5 0 3720
72767 12 16 6320
73252 22 33 9005
73364 30 39 2196
73436 1 18 8643
73505 26 33 3827
73830 2 16 8905
74214 6 37 2750
74293 36 0 7752
74756 9 20 1201
75086 37 14 3788
75398 38 20 7716
70779 17 21 1539
71371 1 29 8198
71375 21 18 9865
71934 35 32 4211
72169 11 33 3053
72585 5 21 5117
73010 28 5 4612
73318 20 32 5536
73663 30 0 1704
74110 30 29 2108
74160 25 2 1942
74520 29 39 1862
75018 2 17 1610
75435 39 21 3990
75714 6 21 5370
76010 20 19 5570
76372 2 18 1745
76924 32 11 4377
77343 13 0 5425
77832 24 22 6816
71284 36 31 1937
71369 12 33 8395
71531 22 8 6465
71553 21 22 9173
71797 17 33 7321
72059 21 27 5551
72418 25 6 689
72718 37 24 4258
73293 23 38 3713
73477 13 27 2115
73930 19 38 4022
74516 8 17 4183
74738 22 33 8636
74799 2 26 4421
74936 38 21 586
74972 5 19 734
75180 18 35 4814
75216 39 0 2146
75298 0 19 4021
75308 31 23 3506
71667 18 32 2394
71918 13 22 1393
72188 11 15 5425
72520 11 25 3496
73087 18 13 7194
73178 27 8 4713
73609 10 5 3544
73617 26 15 9348
74043 8 36 2088
74206 39 3 1092
74661 2 6 7382
75131 21 23 2974
75147 16 0 6601
75384 20 26 6345
75740 27 9 10
75991 3 37 2316
76429 16 24 5077
76651 12 11 8199
76981 37 23 7071
77357 30 39 152
72411 38 1 9531
72534 15 38 6456
72820 7 14 5911
72894 16 34 9141
73381 18 4 174
73947 11 5 68
73994 35 28 6567
74129 3 32 9144
74627 25 23 8334
74943 28 1 1994
75185 29 13 4736
75623 0 8 4343
75632 14 15 536
75979 3 35 555
76207 38 39 405
76619 23 11 7897
76734 28 37 5008
76824 5 20 2563
76846 26 32 2428
77068 2 23 4260
73153 21 2 7751
73409 12 15 4447
73574 14 28 2312
73800 0 17 4425
74168 28 8 4639
74755 2 33 2278
74922 32 11 1631
75446 23 12 6065
75487 39 20 7497
75562 1 2 7542
75578 36 5 3384
75783 32 36 1537
75945 5 0 1623
76395 28 36 2112
76884 30 28 1564
77401 22 18 7857
77870 36 17 1703
78305 6 27 2968
78632 19 29 5892
78873 18 8 4783
73228 12 2 5243
73593 36 2 3341
73779 23 27 6187
73881 10 21 4004
73894 17 23 3108
74104 1 11 2166
74185 37 15 2686
74662 32 6 417
75113 37 30 5376
75220 37 20 655
75523 29 4 8203
76032 35 17 6104
76117 32 37 4390
76628 0 36 892
77139 12 39 9416
77312 12 14 4077
77497 2 3 7960
77979 17 28 5046
78116 35 33 8071
78159 28 39 1040
74274 35 6 7655
74644 13 27 7094
74891 0 14 320
74978 9 22 9513
75141 37 10 5417
75438 34 9 6240
75963 13 25 9350
76227 15 3 6610
76308 20 5 2193
76466 28 36 9181
76934 20 35 6074
77486 38 26 9869
77556 5 17 5284
77577 31 14 3404
77988 3 7 1963
78019 36 1 3746
78285 6 2 115
78646 33 7 8572
78980 25 10 5745
79181 16 33 2687
74998 30 28 8804
75220 17 5 261
75290 27 29 4976
75800 15 14 1834
76311 4 34 2176
76597 36 29 1019
77188 13 29 9050
77244 16 36 9161
77324 38 14 5305
77486 1 18 1591
77776 16 11 2443
78121 17 1 4699
78312 2 1 4600
78864 13 17 3431
79216 34 11 7768
79252 32 5 5572
79660 39 25 8813
80134 15 6 2451
80600 36 21 4870
80840 32 4 9181
75188 37 14 4962
75551 14 36 3988
75996 23 7 2737
76310 34 16 4960
76822 31 4 8169
77319 16 21 4169
77593 37 22 4886
77623 8 7 8302
78114 16 1 876
78232 35 23 1880
78656 3 6 3747
79198 25 38 7427
79610 35 25 3905
80157 38 34 3465
80641 21 7 2295
81158 6 2 7734
81755 22 39 7023
82278 26 37 8249
82359 31 27 5394
82959 37 25 2267
75792 15 13 9092
76115 14 31 7043
76678 19 31 4014
77102 3 35 2138
77591 29 4 8994
78129 24 8 6691
78613 2 37 4679
78878 0 19 8071
78917 22 27 8631
79276 15 5 6794
79277 22 0 2698
79283 28 20 9120
79486 15 14 7701
79759 33 28 5918
79935 28 29 4056
80368 2 10 82
80547 33 25 8803
80926 4 14 8087
81118 35 34 3881
81273 5 31 1139
76403 38 6 9019
76771 35 39 6819
77145 26 38 1422
77570 27 16 2203
77725 31 26 2379
78184 12 39 8729
78215 17 25 9261
78367 37 4 9230
78960 9 32 6355
79511 20 21 1166
80082 10 35 8460
80112 32 10 9980
80257 35 5 8964
80379 34 8 3560
80439 38 34 9716
80896 29 1 2027
81435 14 36 1570
81470 24 20 5910
81969 30 36 2952
82390 13 19 8013
76961 35 22 97
77340 11 12 5801
77918 26 15 1422
77937 2 23 5529
78423 3 27 1699
78989 31 2 1832
79348 30 6 2989
79685 4 12 8153
79800 4 30 8910
80321 2 26 9829
80667 21 32 8038
81206 31 39 8331
81490 16 10 6222
81728 8 37 4526
82107 33 11 3151
82589 14 15 7800
82941 4 9 1754
83399 13 5 6109
83811 27 28 7317
84197 30 1 8610
77596 36 0 8945
77923 38 7 348
78493 7 4 1716
78771 12 26 7377
78833 10 1 83
79396 35 4 9478
79722 24 13 4561
80138 27 13 689
80699 34 20 4098
80808 29 21 1192
81328 3 28 413
81586 39 9 847
81670 7 4 8912
82025 38 4 9873
82553 32 38 760
82757 10 13 902
82930 28 4 3650
82932 13 2 5101
83159 25 37 9658
83382 13 31 2983
78394 35 22 5649
78853 7 26 8137
79171 17 25 5229
79188 11 0 3868
79309 22 13 5741
79387 23 30 2589
79916 5 11 773
80410 29 21 7865
80630 6 36 62
81173 2 18 4362
81630 4 11 2286
81753 19 17 2409
81892 36 2 1727
81927 10 39 6295
82052 1 18 6048
82280 29 22 8012
82308 31 0 6782
82620 27 6 3360
82713 19 4 6039
82945 15 12 8321
79086 34 25 1234
79569 19 22 883
79769 24 27 6858
79792 38 10 5162
80039 25 30 3461
80180 13 38 2586
80243 37 11 110
80462 21 1 8839
80682 31 17 9382
81116 32 13 4710
81583 14 11 7722
81692 0 4 798
82115 25 13 3656
82570 4 17 4960
82685 27 5 6107
82835 1 34 1415
83098 33 19 9676
83550 9 12 2846
83593 30 15 2286
83896 20 14 5620
79684 15 18 4303
80065 35 20 3863
80578 3 38 4846
80949 3 33 260
81315 19 13 1773
81426 33 37 8325
81662 6 15 4945
82186 5 16 8593
82270 16 19 7398
82803 39 21 5728
83047 32 31 6394
83360 2 38 9653
83947 3 0 4816
84473 22 13 1125
84677 15 12 2351
84879 33 26 1976
85469 23 27 3888
85667 22 31 2007
85847 31 19 4302
85930 7 33 6040
80114 5 12 8942
80263 33 9 658
80292 16 1 7434
80526 7 20 6172
80879 24 16 3530
81173 16 35 8800
81759 6 22 3662
82357 14 39 8951
82954 29 22 6400
83554 19 31 6327
83881 28 34 432
83966 18 38 5169
84328 38 11 720
84836 23 34 2362
85399 11 26 7751
85733 28 18 9212
86188 38 33 4566
86276 4 36 2929
86814 18 15 1375
87341 29 20 317
