61 1 33 6031
121 45 26 6890
582 24 43 5212
629 5 23 4452
1176 10 23 5358
1728 25 2 9439
1934 41 0 789
2156 48 37 6413
2306 32 7 58
2654 23 47 6850
3018 9 5 8288
3034 9 44 5274
3157 0 44 6438
3448 32 13 3870
3757 17 30 2905
4216 46 19 1766
4528 38 27 6329
4951 2 10 1283
5160 26 48 109
5292 8 15 6676
665 12 43 4324
1035 23 9 6807
1072 46 11 7371
1618 37 22 2785
1648 20 22 9407
1767 45 18 1191
1925 22 11 2845
2247 44 25 3366
2413 42 13 6088
2689 4 48 9197
3230 24 36 29
3273 5 43 5617
3603 16 27 2922
4057 2 47 8778
4125 3 1 8815
4406 6 29 7207
4582 44 25 1243
4969 16 26 7072
5157 45 34 8903
5469 20 4 2040
1571 18 42 473
2006 6 32 4742
2027 33 34 2235
2325 3 11 8004
2494 45 10 498
2799 48 31 3054
2997 20 5 7307
3469 37 34 492
3552 44 8 3682
4027 37 42 2013
4054 23 9 6692
4522 38 6 8842
4522 13 9 3909
4828 36 33 4791
5104 45 23 1622
5377 3 30 7823
5388 4 9 3506
5529 46 28 3341
6029 8 9 4060
6511 19 21 3333
2200 49 33 1313
2452 25 21 1119
2485 25 36 1337
2745 40 43 3965
2938 32 35 3758
3028 1 38 3239
3074 0 8 6532
3297 3 35 783
3417 49 2 1963
3727 48 33 7200
3859 31 47 3006
4101 46 18 421
4290 36 20 7713
4428 41 11 2889
4712 30 11 4435
5127 20 25 7506
5574 33 1 1071
5673 39 0 4494
5738 36 9 5748
6143 21 46 6067
2943 15 1 1575
3300 36 7 1887
3842 29 21 3694
3985 33 48 4944
4471 49 18 4889
4664 43 23 4469
4715 20 29 4576
5210 42 3 6970
5623 43 3 4892
6078 8 49 8826
6645 8 6 5549
6900 5 31 6220
7337 14 34 2978
7925 6 27 3094
8153 40 34 6761
8620 48 10 5160
9113 8 0 698
9396 10 25 7297
9948 17 47 1380
10423 12 7 9831
3398 20 16 1697
3965 41 1 3170
4047 9 25 9377
4338 3 36 5404
4432 22 34 8455
4831 27 46 3852
4988 34 44 1735
5082 4 47 2571
5107 13 16 851
5375 45 38 3131
5638 4 23 8953
6005 28 12 9194
6573 18 46 2116
7171 22 40 2471
7767 14 25 5723
8324 28 19 1902
8868 1 4 3329
8959 43 14 7906
9265 13 31 276
9863 16 26 8143
4197 32 30 8923
4649 12 35 1843
4655 22 0 5321
4923 44 8 9526
4974 3 27 5869
5155 16 0 3449
5543 24 32 7226
6067 20 31 672
6653 17 24 6429
7234 31 26 7571
7422 43 6 2715
7844 6 3 7212
8246 30 14 5909
8317 41 6 9888
8536 9 2 6339
9049 8 7 665
9195 24 15 2246
9386 49 42 3777
9946 39 34 7329
10132 40 45 9900
4591 33 46 6708
5026 23 41 755
5397 8 26 6141
5412 41 1 4351
5441 12 35 2248
5572 49 9 8895
5804 28 8 5226
6131 45 36 5281
6529 12 33 8119
6939 42 0 3247
7008 4 6 9509
7209 2 15 4590
7562 47 40 2063
7576 19 20 8969
8101 14 29 934
8526 23 25 1544
8710 1 32 6780
9038 21 32 6417
9103 7 17 5307
9308 25 31 55
5273 45 27 6822
5456 38 48 3429
5959 26 43 5972
6475 48 4 6708
6482 40 24 6597
7054 33 8 8237
7562 7 15 7810
8147 46 41 7467
8460 38 34 3509
8741 11 27 1658
9173 32 34 6658
9265 27 40 8191
9311 14 28 5951
9378 33 23 911
9583 15 34 5386
10171 19 28 7216
10770 35 30 863
11294 7 27 9577
11655 20 22 5967
11863 23 39 7886
5915 28 34 5522
6361 14 30 5049
6436 39 16 1171
6652 0 22 7397
6966 26 34 1921
7361 36 28 2326
7956 44 49 9241
8418 14 19 312
8516 18 0 2192
8941 40 12 7004
9208 45 33 8027
9575 44 27 5572
10004 39 33 2555
10174 25 6 4184
10725 15 12 3130
10796 4 9 1775
11008 12 22 763
11159 38 12 2814
11210 47 27 6367
11799 42 37 2092
6083 0 25 6995
6497 38 9 7413
6621 12 1 5899
6903 12 39 2257
6997 32 9 8812
7565 24 35 36
8164 3 2 8049
8565 25 4 8968
8622 3 28 1304
8666 13 17 2146
9132 18 27 6286
9600 1 44 7029
9967 20 39 4349
10224 13 29 1730
10587 46 32 8602
10900 3 12 8580
10963 42 39 8267
11431 49 18 964
11755 21 45 9473
11773 36 47 8044
6711 27 0 8001
6838 23 35 7600
7121 41 23 7502
7531 36 48 6680
7694 6 41 7583
8208 35 3 9066
8627 10 22 1955
9139 8 19 5669
9605 49 16 1635
9939 35 21 528
10108 33 39 1631
10478 40 45 9481
11011 30 8 3446
11265 14 11 1414
11839 13 49 4312
12145 17 25 7810
12323 20 32 233
12798 44 0 7529
12924 6 23 8187
13240 16 15 2395
7218 30 6 3358
7543 35 32 6875
8088 27 2 2996
8546 18 1 3976
9076 36 13 6448
9083 11 34 5961
9273 22 32 5660
9626 5 14 9485
9626 27 42 1415
10089 7 22 6119
10308 32 21 9340
10807 4 20 7227
10951 31 10 7999
11372 42 14 5873
11741 20 27 3797
12096 7 8 5627
12482 47 13 5812
12909 41 21 6242
13235 11 6 3827
13668 22 48 22
8116 16 3 4064
8243 25 23 6567
8377 45 46 4360
8836 1 26 604
9195 49 1 1032
9321 7 25 5788
9328 35 9 3333
9533 13 3 5268
9925 7 4 7425
10390 24 8 1747
10546 47 43 7822
10903 36 29 7286
10998 3 12 4026
11233 31 48 7826
11591 21 43 8812
12070 37 26 5878
12265 1 42 3199
12657 7 12 8802
12742 22 17 5260
13034 9 25 415
8681 4 46 6785
8942 46 1 3667
9128 38 14 5396
9155 49 45 163
9463 14 16 6607
9994 20 44 8146
10389 27 38 4340
10574 15 37 7805
10958 42 33 1999
11334 28 40 6577
11760 16 46 623
11794 24 25 3856
12127 27 2 6423
12499 43 31 1145
12685 3 41 4699
13129 49 17 3476
13566 17 34 7451
14018 16 10 9780
14375 26 6 5966
14755 0 39 9608
9455 27 5 2371
9550 41 16 3866
9617 46 4 8320
9734 0 29 6159
10141 18 0 2541
10251 38 1 9470
10298 24 23 4473
10326 44 16 5247
10926 37 14 6901
11329 41 18 2618
11544 31 33 7301
11634 34 43 3145
11860 41 14 7186
12317 3 15 6308
12340 5 45 987
12449 3 10 256
12450 20 15 330
12995 31 46 8427
13070 27 48 8135
13164 2 3 6434
9877 42 18 6742
10211 14 42 1492
10810 45 22 8408
11018 22 42 6207
11558 22 8 5938
11994 9 15 556
12453 35 32 3449
13040 31 2 8110
13143 34 3 9191
13402 41 16 7400
13563 15 24 2361
13678 39 49 5500
14229 44 35 668
14599 49 14 5852
14614 20 35 4517
15013 46 25 5728
15550 27 16 9955
15599 25 29 2398
16136 12 4 7640
16355 15 43 6288
10387 15 34 3457
10809 32 1 8747
10936 12 5 1376
11049 37 4 6832
11253 46 15 1388
11691 7 20 5348
11851 30 49 5718
12131 44 9 9709
12195 0 5 5720
12533 3 36 9988
12928 1 22 8578
13137 49 19 7339
13495 23 31 5506
13768 40 25 5599
13841 17 45 4030
13950 23 46 2695
14240 44 43 3276
14425 12 36 9908
14446 29 20 7148
14933 25 33 6000
11321 49 29 9634
11606 17 28 3919
12133 46 14 9801
12450 26 11 5469
12734 11 31 298
13288 20 5 5531
13561 40 21 1625
13761 23 32 639
13966 1 23 1345
14172 27 7 1966
14318 8 0 9303
14872 4 42 1558
15235 45 31 7981
15743 1 16 3600
16338 20 10 418
16869 36 45 3412
17437 40 8 9803
17905 18 5 9788
18386 14 6 183
18741 0 2 2631
11614 28 47 7090
12166 44 5 4480
12592 46 3 9723
13177 41 38 6386
13445 24 1 3924
13560 8 46 9157
14104 49 36 8413
14630 5 9 4371
15151 30 7 3421
15171 28 1 5747
15272 21 12 5768
15830 9 30 9408
16155 9 21 7767
16704 14 12 8870
16986 36 15 4894
17517 44 0 6120
17517 25 29 7856
18116 10 7 3340
18648 21 7 9828
18949 25 46 8183
12457 31 37 1036
12821 0 17 9076
13005 0 25 6032
13552 21 33 6457
13672 44 21 1421
13940 27 2 1864
14237 27 38 3720
14263 39 26 275
14853 18 40 5027
14956 6 28 2015
14990 41 17 2211
15237 42 4 4623
15524 20 37 7603
15750 21 8 8218
16127 21 40 8911
16508 11 23 6724
16759 37 48 7681
16912 22 7 9304
17388 5 15 1978
17953 29 13 1530
12871 42 12 4905
13277 28 35 9436
13440 11 8 991
13517 28 49 998
13759 12 38 6409
14256 43 4 2190
14676 17 30 8905
14942 20 3 4511
15164 33 44 8119
15519 30 25 9173
15701 39 11 1878
16184 47 2 9056
16768 3 39 4781
16887 4 27 5415
17341 20 27 2249
17568 16 26 6404
17761 27 8 8046
17980 19 21 8732
18280 11 10 2263
18426 43 45 600
13626 40 15 5701
13667 25 41 437
14149 10 13 7988
14486 18 41 3265
15053 25 30 4988
15274 35 40 3590
15700 25 15 8772
15803 3 26 2526
15838 4 43 572
15853 43 10 8940
16289 28 48 4316
16877 45 15 8057
17214 20 6 9340
17313 22 31 4478
17837 7 9 8748
18428 28 33 8759
18862 19 1 3525
19182 20 15 2983
19338 20 32 8923
19381 38 18 9966
14063 45 47 587
14245 28 35 73
14272 5 37 9372
14645 46 19 612
14773 11 13 1259
15076 20 35 9943
15671 8 12 8637
15883 3 49 2396
16032 43 17 9401
16340 28 7 650
16922 2 18 3077
17032 32 39 216
17415 13 46 5688
17944 34 47 1786
17945 43 12 818
17960 7 31 4523
18229 29 9 8557
18495 47 0 3039
18763 23 5 5913
19171 28 9 6355
14544 20 26 2515
14687 32 24 6311
14947 19 3 7637
15533 38 35 9834
16044 25 13 1762
16571 11 38 7168
16839 49 25 9090
17299 14 49 9571
17332 49 28 2859
17473 44 37 1102
18019 38 34 1925
18424 3 32 1241
18678 5 22 4005
19248 31 3 7663
19799 39 3 3177
20115 6 2 6570
20120 39 38 6867
20487 1 32 555
20646 33 49 2854
20881 42 12 8586
15336 3 18 8916
15671 14 30 3185
16092 49 31 7671
16113 12 24 625
16654 40 49 9552
16778 0 9 95
17284 32 0 4467
17691 38 49 4150
17936 42 32 9621
18307 3 35 9623
18421 18 20 6681
18439 13 30 937
18868 47 29 8942
19366 14 43 7651
19853 49 33 7656
20385 7 44 5189
20906 10 48 7202
21464 40 29 6037
22064 24 4 2359
22292 35 33 618
15919 4 48 6512
16508 31 32 4830
16568 7 41 4100
16978 29 42 9902
17336 2 42 7084
17516 15 25 7599
18040 4 1 1812
18114 2 6 809
18653 39 16 3553
19100 15 18 2546
19255 20 0 6199
19497 32 10 6766
19683 31 13 9636
19750 33 3 6446
20330 38 34 3362
20655 9 39 9629
20722 6 3 2617
21180 27 28 1352
21338 40 18 6697
21690 44 14 9869
16490 40 38 6857
16820 43 14 8059
16827 11 46 1807
17086 37 46 1096
17110 33 27 9031
17688 38 12 1954
17878 27 21 7158
18084 26 46 4946
18513 24 25 3281
18955 5 41 7838
19221 32 17 7894
19579 11 23 9943
19747 8 15 403
20038 7 28 7039
20045 5 39 855
20563 39 31 4649
20619 40 17 2045
21067 6 25 4134
21248 0 35 5790
21508 41 4 6391
17318 26 25 4052
17389 15 16 7296
17814 42 43 2039
17846 23 2 3265
18390 14 22 6281
18973 11 49 559
19034 43 10 65
19259 24 8 1516
19532 48 35 4728
20029 47 4 9796
20499 21 7 6610
20569 49 33 8844
20945 2 13 3297
21356 44 46 3574
21916 40 18 7078
22081 38 18 2529
22242 35 42 1159
22247 39 7 4456
22576 5 13 7043
23009 13 35 3385
17734 33 1 4990
17735 28 33 6955
17784 10 15 4962
18087 18 45 5255
18592 7 25 2169
19000 13 38 9378
19064 42 8 9116
19560 44 13 7601
20020 1 13 1496
20337 7 27 2928
20524 13 21 3093
20762 5 33 2168
21050 6 4 8809
21500 38 37 1615
21590 28 49 5139
21624 31 41 221
21964 13 44 7367
22406 32 48 6993
22459 40 30 8090
22891 19 23 84
18251 5 7 4864
18819 45 16 8822
19329 5 32 8437
19539 25 39 1666
19945 27 22 8502
20340 35 17 7675
20496 4 20 4289
20857 39 38 5191
21102 0 14 8304
21459 46 7 9603
21933 27 17 8004
22215 6 43 6669
22710 22 18 7228
22730 28 25 551
22900 33 30 1335
22933 3 48 8983
23390 22 23 2359
23694 13 45 1906
24220 48 29 6812
24798 49 45 3263
18657 18 2 6286
18962 37 19 6167
19379 24 40 4693
19864 38 25 1396
20324 37 43 7651
20593 2 22 1704
21159 42 5 1362
21620 13 2 5487
21723 41 17 3841
22152 37 31 2032
22741 25 31 8791
23031 30 44 9117
23382 44 1 7118
23809 15 38 3295
23916 31 47 988
24363 37 21 7621
24880 45 30 5217
25071 7 36 5096
25177 42 2 6749
25202 10 34 9000
19230 5 45 3870
19766 46 18 4796
19808 42 2 2842
20180 9 20 5734
20336 10 16 3499
20467 27 29 1071
20702 47 48 6915
21073 18 16 502
21528 30 38 7831
21617 17 15 9367
21681 35 27 7344
22230 6 45 685
22607 19 35 2286
23056 33 23 5400
23076 35 41 7757
23314 3 26 8312
23755 6 18 1295
24108 22 11 4937
24639 44 26 604
25170 49 30 2057
19817 42 15 8695
19917 21 11 9625
20410 5 45 1930
20987 49 1 1053
21388 44 24 9966
21555 33 21 5304
21931 14 47 5670
22465 28 25 4779
22947 10 22 4866
23333 16 26 2192
23404 45 9 9706
23727 40 25 5764
23973 24 47 9559
24466 45 18 8047
24480 15 6 1671
25043 21 13 2842
25077 25 23 2885
25233 26 30 7036
25381 46 49 779
25573 33 30 7220
20820 0 40 6545
21032 43 13 2967
21069 29 12 6481
21368 42 1 2223
21373 10 14 3487
21723 34 1 5036
22305 7 46 4534
22340 7 10 9839
22502 4 12 9244
22641 46 45 7690
22926 6 28 398
22972 32 22 8803
23428 37 24 3535
24000 42 12 8686
24375 45 43 5337
24480 25 37 5661
24881 0 3 2810
25021 31 33 3211
25361 14 43 6322
25760 13 16 8044
21493 35 8 9810
21983 8 4 6549
22342 46 2 1573
22386 30 5 6970
22936 23 26 4680
22946 27 35 5133
23494 11 14 8569
23766 35 39 5788
24068 6 36 6625
24285 17 32 7952
24477 0 34 4426
24709 2 19 9922
24756 38 22 5360
24989 34 7 2639
25458 12 32 2409
25873 28 29 6486
26091 47 36 8159
26136 43 33 8317
26472 5 11 6449
26667 20 27 5690
21855 37 44 7590
22335 24 37 7104
22503 13 5 8947
22699 21 11 2274
23164 43 36 7149
23513 23 43 9107
24024 15 41 9425
24075 7 37 4118
24567 33 24 9750
24847 49 2 4345
25215 17 30 3916
25422 8 17 2624
25897 20 30 7094
26076 27 41 8188
26649 28 30 9463
26672 1 25 3323
26768 46 38 7698
27175 5 36 5390
27190 40 14 6798
27444 26 39 9875
22703 19 22 3302
23102 39 2 6457
23443 37 9 7394
23690 3 26 4132
24152 49 38 3288
24446 19 11 8453
24526 16 14 5120
24686 12 42 964
25263 26 43 2708
25857 22 25 8900
25860 38 3 7055
26142 2 12 3507
26369 8 12 8325
26579 24 15 8299
26819 46 22 7186
26848 44 15 459
27204 7 31 557
27467 1 7 3768
27829 1 23 3223
27885 46 0 3794
23260 20 31 1394
23637 5 47 4051
23849 36 43 7052
23927 22 27 8748
24056 36 29 5855
24147 41 27 4073
24419 1 44 7844
24702 32 36 7891
24849 28 34 4367
25374 33 43 3452
25436 26 39 9175
25544 12 41 4525
25933 32 43 7158
26116 5 1 1928
26677 19 41 3563
27204 35 29 6941
27531 28 18 8371
27678 44 46 5246
28137 23 39 4570
28414 31 13 6375
23492 48 41 4367
23943 49 47 2466
24383 39 40 2186
24682 14 12 1021
25033 20 8 2941
25611 21 2 955
26099 8 34 7035
26446 42 43 2964
26949 5 17 567
27230 9 12 3488
27640 42 27 9682
27920 9 32 5646
28315 2 12 3730
28694 26 34 1231
29211 3 29 9110
29554 7 46 7800
29729 26 48 7027
30278 2 29 988
30751 36 28 1528
31318 41 28 9472
24458 14 29 1301
24760 17 24 3710
25261 28 43 1391
25790 16 33 8738
25986 10 49 8311
25999 10 12 5922
26170 42 40 3446
26234 12 44 141
26644 19 21 2318
27239 17 0 4068
27283 28 27 9042
27488 7 12 308
27688 16 9 8993
27760 31 46 9651
28135 24 40 1223
28303 43 13 6153
28903 4 43 2278
29283 37 26 6764
29387 16 9 6572
29576 41 5 8704
25049 36 27 6588
25336 17 14 9122
25558 25 11 5672
25919 47 24 8678
26413 24 20 1518
26917 12 38 3335
27306 17 37 1978
27428 18 20 6287
27587 8 44 2139
28136 1 22 885
28468 47 21 5080
28762 48 39 2331
29166 25 36 1113
29766 24 20 2308
30327 39 45 1257
30406 39 1 2177
30420 6 21 5190
30834 26 28 694
31347 3 26 314
31543 45 35 6590
25209 42 1 6093
25641 44 46 6422
25698 45 18 88
26146 26 27 4193
26252 15 0 6194
26379 8 4 3322
26876 8 6 5144
27445 2 44 9930
27766 44 39 2652
28134 34 20 8420
28626 18 48 2393
29199 13 7 9879
29399 49 33 3813
29909 26 12 56
30349 15 4 9854
30669 2 18 7572
30965 8 3 5110
31213 7 47 6786
31391 39 7 7962
31565 42 18 4332
26267 33 19 4602
26282 30 34 6211
26523 31 14 3784
26694 7 41 1058
27170 14 44 3825
27475 43 40 6710
27649 10 15 3373
27695 5 32 2701
27847 33 43 5640
28161 20 36 6085
28198 11 13 6293
28635 10 4 2515
28722 21 3 8099
29214 39 32 2785
29413 10 9 5706
29534 35 21 6414
29574 9 4 2285
29969 37 33 4717
30433 24 16 943
30668 16 34 5975
26997 18 25 1751
27397 4 41 7841
27714 31 14 5833
28198 29 42 5508
28660 13 14 6082
29126 42 49 97
29229 32 19 690
29279 41 24 7980
29709 37 38 4431
29760 24 9 1993
30136 44 23 1246
30569 24 1 5970
31052 12 16 6564
31560 6 46 3444
32029 17 20 4994
32487 22 28 1551
32782 7 24 4100
33285 15 2 5112
33704 47 17 7130
33877 35 41 8802
27280 15 37 2008
27759 40 19 6295
28207 16 28 6874
28593 29 46 5092
28943 9 49 3555
29276 46 29 7343
29776 10 30 3517
30177 15 29 4784
30313 29 32 354
30332 6 9 4507
30679 34 18 6946
31103 3 49 2141
31274 26 40 4029
31656 26 31 7039
31781 5 17 1415
32149 42 19 632
32228 37 39 6876
32542 8 34 5843
32607 8 38 5386
33089 8 22 109
27793 34 7 1744
27975 16 38 7191
28182 31 27 2751
28749 34 48 2922
29080 24 21 8212
29124 41 12 1013
29280 13 46 5931
29303 26 48 9922
29410 25 32 1939
29778 14 46 7166
30355 48 30 8799
30906 28 40 8143
31317 2 6 4032
31549 44 13 3973
32067 22 34 7708
32080 28 4 7549
32441 38 6 6170
32992 11 39 6770
33125 26 16 4870
33481 44 26 9819
28388 5 12 6784
28634 31 5 1623
29098 1 11 3754
29650 45 26 2521
30239 8 1 5688
30608 45 4 9841
30955 1 49 5957
31149 39 5 7492
31665 47 9 2371
31821 37 36 8727
31953 12 30 6831
32537 8 16 3995
32648 0 32 3541
33112 36 20 8107
33235 46 17 474
33363 7 27 2386
33717 45 21 8847
34054 46 25 8879
34349 24 42 4793
34578 47 30 3052
29068 9 44 8554
29331 33 43 3095
29488 21 31 3857
29538 22 10 3344
30025 41 28 4320
30139 42 26 5849
30483 34 21 1003
31016 25 15 3336
31416 45 12 6740
31995 22 39 7701
32545 0 8 2808
32610 40 33 7059
32992 21 30 461
33124 9 21 7522
33363 45 38 7889
33663 36 7 3803
34048 5 13 6573
34100 4 36 9667
34244 33 23 3562
34819 47 23 4440
29418 9 29 3271
29989 32 42 7615
30428 3 18 546
30599 19 37 6623
31008 44 38 7292
31116 40 7 8718
31445 41 30 9114
31456 38 45 3611
31780 48 26 7779
32185 23 0 1900
32198 22 5 2135
32695 10 4 6916
32891 3 6 8418
32912 23 4 6321
32931 20 33 5857
33448 35 11 5255
33934 3 30 4409
34024 1 29 9996
34249 17 25 7376
34461 4 24 8943
30531 48 37 4026
30684 12 21 7846
30859 9 37 205
31221 19 29 1999
31322 41 45 8436
31750 46 49 7090
32297 46 43 4967
32488 17 21 825
33018 8 44 2309
33357 35 1 7336
33828 30 14 1565
34059 31 32 1012
34334 35 38 563
34642 49 35 1889
35100 42 26 3600
35439 13 34 9292
35722 8 21 1347
36114 2 22 6637
36211 28 49 2491
36602 37 7 8786
30945 46 43 8162
31497 47 45 9789
31896 47 48 1693
32048 25 40 1380
32550 36 45 5997
33131 37 28 1214
33644 20 49 8092
33957 30 11 933
34120 33 29 4974
34687 45 12 4744
35229 6 31 6051
35676 0 33 4593
35699 38 32 259
36018 45 18 9217
36095 39 31 9100
36178 32 19 7346
36286 15 9 2976
36376 25 33 9118
36901 41 24 1528
36959 37 48 3780
31779 6 46 8197
32219 1 36 8997
32723 15 27 6733
33145 28 1 7103
33604 17 9 2014
33738 45 16 903
33969 22 34 7227
34487 14 26 4503
34542 29 42 9277
34965 29 33 7236
35091 37 27 6043
35407 33 1 7942
35467 9 23 8184
35851 35 41 4350
36033 21 49 4444
36586 19 16 319
37164 6 35 4144
37503 10 24 5118
37626 31 10 8746
37898 45 21 4056
32207 24 18 7222
32375 1 48 8002
32902 8 5 1936
33024 32 38 7949
33108 36 26 231
33591 1 18 973
33957 40 29 7117
34105 31 24 3178
34595 22 19 4825
34830 0 12 9921
34913 34 44 8122
34934 6 19 1366
34939 49 41 7620
35498 1 41 3503
35883 24 31 2039
36216 46 29 131
36642 3 23 6598
37220 40 12 3985
37779 29 20 755
37826 32 24 2237
32445 43 14 40
32648 22 7 1649
32824 9 21 7999
32845 49 36 1877
33299 23 34 7706
33749 12 42 630
33869 2 3 3311
34073 7 26 7756
34565 36 1 3387
34576 36 26 7257
34740 42 1 2079
34889 29 9 1082
35171 13 30 8764
35744 23 42 3428
36047 6 2 9450
36055 15 0 1782
36448 12 43 9077
36673 12 9 546
36889 19 21 2295
37471 4 2 1510
33221 33 4 3413
33706 16 19 7956
34009 2 46 5833
34239 8 22 8529
34742 4 37 5840
35215 44 12 5309
35766 18 20 2127
35929 37 45 7745
36193 3 23 4798
36528 1 38 1496
36618 14 17 3876
36938 25 5 5930
37533 24 28 9752
37987 15 33 3352
38468 23 45 3172
39056 42 4 677
39379 49 19 5612
39682 37 36 1530
39812 37 29 5617
40222 39 8 7027
33789 16 25 8882
33889 47 2 9274
34166 23 45 5809
34746 28 30 190
34955 1 25 8137
35500 5 28 1562
35571 12 5 6601
35797 18 41 3086
35907 33 12 389
36255 7 37 1616
36813 42 24 1487
37113 49 28 6849
37321 42 13 7651
37522 40 45 8959
38112 44 30 9583
38319 49 4 958
38367 19 43 9414
38638 1 36 3356
39024 1 43 2365
39026 10 31 465
34392 30 17 9453
34537 24 44 8152
34772 34 38 1221
35303 22 41 8340
35353 35 10 8111
35578 28 9 4133
35818 24 45 1139
35894 6 29 6476
36000 29 1 920
36283 0 47 8385
36563 28 39 9826
36574 41 5 9912
37072 17 30 420
37438 46 19 8412
37692 37 21 6657
37911 7 39 491
38040 4 48 5759
38434 29 34 734
38612 24 2 296
38810 16 45 6139
34842 18 35 5235
35039 16 11 1253
35128 21 27 4396
35129 25 13 2367
35229 7 14 4155
35728 28 6 2218
36091 39 27 2695
36516 21 4 8070
36887 10 16 2933
36973 28 42 7017
37140 36 14 1061
37629 35 0 4368
37908 42 1 3029
38168 27 45 1897
38359 29 12 5090
38643 5 35 1644
38848 5 1 4034
39244 34 5 6933
39711 5 7 8511
40231 27 0 426
35584 3 32 4230
35705 27 3 3010
35758 26 33 7359
36285 9 21 2760
36491 34 30 1111
37044 10 39 3996
37505 29 30 5105
38000 1 36 6940
38009 43 41 9919
38209 0 12 3945
38692 10 39 240
38919 44 47 7194
39263 1 40 9437
39799 44 16 942
40089 30 27 62
40400 5 13 5771
40587 46 31 2649
40888 42 46 1248
41079 34 33 725
41517 2 42 4593
36355 8 47 5199
36505 32 2 7162
37039 47 22 5756
37477 42 26 4919
38033 5 31 1752
38354 10 12 7144
38708 5 25 3072
38902 46 33 3878
39145 11 42 413
39574 27 33 7167
39969 41 19 6418
40418 41 22 5217
40809 16 46 8171
41269 43 40 3061
41492 38 33 9004
41644 48 46 8998
42000 17 47 5369
42367 27 35 5303
42408 11 8 8245
42875 7 48 5156
36943 27 15 5130
37333 9 48 2188
37358 11 15 3528
37388 0 33 3095
37723 10 38 5333
38307 11 12 8791
38544 2 31 2823
38789 26 9 6223
39311 2 27 3921
39749 22 0 8906
40056 43 11 7327
40088 33 16 8888
40491 41 32 1328
40932 29 8 3626
41057 34 0 6809
41496 11 30 5837
41529 36 34 8281
41857 3 7 4850
41921 2 5 5048
42442 1 12 9619
37308 39 42 5042
37358 11 36 8853
37805 42 47 7822
38265 23 40 929
38607 42 36 5604
38780 4 19 4899
39240 34 16 6423
39472 9 40 8713
39674 0 39 2665
39799 9 40 3550
40200 32 26 1892
40612 45 37 3974
40704 26 0 4641
40922 19 24 3075
41384 45 34 8803
41936 38 39 7024
42234 35 9 9147
42303 22 40 2605
42723 48 29 143
42966 33 30 7019
37942 18 32 931
38157 15 39 6855
38553 15 17 3512
38603 26 19 1591
38805 43 0 2671
38983 38 18 9094
39269 17 47 1885
39426 26 27 7656
39966 48 9 4043
40447 31 47 5512
40639 49 16 7154
40921 34 10 4317
40970 35 43 1728
41244 39 9 3182
41650 40 27 9608
41790 13 14 138
42173 25 23 4379
42265 6 30 1847
42511 16 19 2300
42515 46 34 9396
38712 0 33 5020
39011 41 0 1794
39458 13 2 1251
40029 43 46 6787
40612 3 39 3814
40714 40 49 8282
41268 31 44 1882
41797 12 11 6566
41956 8 33 6113
42051 21 41 4590
42117 29 8 6394
42375 27 48 6160
42551 18 34 3329
42555 34 41 8093
42923 46 10 4653
43123 37 21 2569
43525 22 9 7065
43753 48 33 3337
43944 23 9 5534
44020 47 7 8883
39504 45 37 6041
39974 1 10 6286
40045 28 11 8207
40492 31 20 5152
40901 47 7 8481
41363 15 17 9625
41620 29 5 1531
42150 5 35 6122
42203 39 38 9319
42305 6 46 8438
42869 25 42 500
43391 30 15 7866
43519 46 7 20
43942 17 14 7336
44323 4 9 8688
44672 21 34 6480
45169 32 38 6680
45514 25 41 7659
45616 26 29 627
45810 23 32 6635
39833 6 39 110
39910 48 47 9001
40396 8 16 2535
40937 27 14 1446
41486 20 41 7897
41917 25 9 3163
42118 45 3 9981
42561 27 47 4720
43137 4 6 6274
43673 4 41 1129
44262 33 48 1373
44434 13 48 8418
44744 14 26 2645
44816 16 37 5094
45298 20 4 1143
45443 22 48 7070
45968 8 14 6172
46068 27 32 3833
46118 12 21 7318
46653 36 19 6816
40350 48 10 5988
40478 47 14 4864
41030 20 12 5892
41487 32 26 7845
41559 37 26 677
41736 12 42 8091
41773 12 24 4188
42142 45 8 7608
42241 7 44 3230
42410 27 32 7536
42632 18 11 1191
43140 19 42 5451
43417 12 1 7670
43912 23 48 7572
43997 16 2 2511
44325 34 43 9981
44850 11 18 2797
45403 43 48 3764
45547 26 32 9915
45933 30 7 5455
41082 39 47 1129
41301 32 21 8264
41733 22 43 273
41957 41 15 6914
42149 40 28 269
42632 40 15 9476
43067 23 6 8234
43541 16 1 4049
43543 17 45 7328
43940 29 34 1760
43966 14 5 4523
44386 5 27 8746
44643 30 21 4369
44956 39 42 842
44975 9 10 5145
45550 13 9 1797
45567 45 13 1560
46100 22 23 5240
46414 10 6 4653
46427 37 23 2670
41991 21 43 6919
42070 32 19 1604
42333 17 46 8448
42620 39 46 3301
43208 25 49 1124
43451 30 7 4124
43697 40 1 7480
44038 10 18 6249
44582 10 37 8293
45152 0 23 9718
45667 4 47 802
46082 19 34 1023
46604 4 43 5781
46863 49 18 5738
47141 38 20 9495
47486 23 40 9567
47872 31 25 4863
48370 43 39 2748
48720 40 8 1834
48778 22 37 6913
42190 46 2 7014
42787 30 36 453
43252 22 39 9219
43546 12 35 9955
43817 29 5 8771
44261 38 11 3340
44401 32 34 8740
44664 10 31 9596
45144 38 48 9113
45727 28 49 4218
46159 36 10 7392
46444 34 12 352
47037 35 39 5493
47483 21 24 2430
47716 38 48 4475
47900 2 49 4334
48133 10 6 9690
48137 44 31 807
48484 30 28 9311
49024 25 8 6050
42714 29 4 7122
43098 45 13 5129
43538 4 38 4043
44045 39 11 8846
44092 42 28 5539
44164 2 46 5312
44504 49 10 2512
44919 4 10 7177
45088 33 31 1591
45123 35 3 2115
45129 20 8 9026
45256 10 48 8692
45317 1 24 8024
45372 43 35 3076
45449 22 47 7149
45845 10 40 8933
46087 42 35 3371
46604 46 45 9080
47061 22 30 3882
47286 9 33 8972
43646 40 13 5005
43939 31 8 2438
44255 7 18 2630
44365 17 1 2080
44539 19 8 5672
44649 0 22 5157
44998 9 0 2430
45452 29 20 3061
45793 40 10 1569
46020 9 48 3080
46574 27 23 5984
46594 16 21 6549
46729 44 48 4753
47276 4 35 5584
47670 46 48 9091
48163 15 40 5229
48655 11 41 5989
48715 29 2 1600
48776 37 18 9238
49064 37 40 1069
44162 2 9 1952
44705 8 20 4241
44896 45 1 3029
45390 18 39 2039
45822 48 14 5134
46136 7 43 9505
46499 42 24 4130
46573 10 15 7721
46601 45 0 8952
47143 16 19 2980
47650 33 22 1931
48202 27 31 7670
48620 36 34 7127
49165 28 38 4119
49191 40 46 1382
49243 32 47 8009
49724 38 6 7306
50224 47 0 97
50545 13 36 3904
50624 2 19 6012
44595 11 41 3083
44625 43 25 9064
45148 46 7 5913
45657 34 18 2230
46144 10 40 2983
46615 5 3 5308
46684 11 4 5713
47034 38 43 2428
47127 13 43 2336
47240 18 27 3930
47269 34 28 8692
47610 18 40 5176
47674 19 27 718
48184 48 30 2672
48382 7 17 2420
48844 14 35 7015
49383 25 19 5041
49568 29 9 12
49576 1 20 282
49750 4 21 4819
45388 33 32 618
45724 37 12 6519
45861 10 40 5700
45894 45 33 6990
46428 8 19 3088
47024 2 5 9809
47078 49 32 3228
47360 38 19 8636
47485 34 38 1021
47781 1 48 6681
47938 21 12 3698
48400 19 33 1285
48559 16 26 2273
48977 42 14 7733
49537 12 40 2490
50031 36 15 8870
50347 25 17 3237
50759 8 14 9234
50973 3 18 8169
51001 8 48 760
45963 19 6 3996
46484 18 5 3395
46567 32 9 5657
46654 15 28 6446
47082 28 48 5882
47348 4 2 3531
47540 33 30 7463
47733 1 2 1494
48100 8 49 5550
48637 7 42 2574
48785 42 20 8773
49103 42 30 6496
49271 0 6 38
49453 11 7 3096
49574 44 14 7501
49702 30 0 2172
50246 22 37 4490
50365 6 37 4274
50684 43 7 7335
51234 23 0 5571
46448 6 22 332
46534 48 32 5613
47000 7 29 919
47446 39 42 8491
47788 35 9 896
48351 12 19 8197
48642 40 0 4267
49020 27 20 1315
49553 29 44 7467
49734 4 17 4360
49796 18 43 1545
50006 4 19 4650
50177 40 16 6034
50180 31 42 8082
50380 30 0 1444
50382 13 9 1813
50851 4 2 6217
51016 15 9 710
51490 31 1 4328
51496 30 42 8687
47126 20 15 2229
47442 34 15 191
47967 16 1 5144
48099 47 18 8138
48346 31 14 7477
48417 11 47 9863
48719 32 6 2992
49287 30 43 8623
49698 12 42 2743
50056 38 25 6225
50284 2 16 6365
50564 29 45 2772
50981 4 5 5163
51024 49 34 2311
51181 12 42 5707
51415 49 12 5808
51446 25 22 88
51524 2 29 4359
51829 25 40 3673
51909 47 46 3982
47553 42 44 9801
47557 40 14 7584
47618 25 49 6651
48203 40 34 2848
48346 7 23 9772
48618 47 33 9189
48835 0 4 623
49373 3 4 1264
49810 11 45 3890
50274 12 29 3708
50818 33 36 3031
51363 12 49 5243
51648 12 17 5845
51945 26 32 4051
52263 7 12 1862
52804 41 26 5384
52867 38 33 1572
53188 20 4 5947
53494 37 17 680
54073 42 7 8608
48098 44 10 4307
48114 3 37 5767
48531 26 3 9572
48946 46 47 9620
49272 4 10 7269
49775 2 33 6832
49937 12 21 5295
50008 32 14 4789
50349 0 5 7816
50817 44 28 1399
51089 47 36 8172
51343 28 48 7241
51939 43 6 9715
52238 28 10 5892
52649 27 3 9837
53248 29 44 8339
53250 44 16 7137
53407 37 43 8476
53525 18 33 9812
53525 5 18 6276
48909 46 9 858
49058 33 30 4776
49335 35 42 8684
49768 38 9 4408
49797 2 38 1493
50116 49 17 4196
50418 18 6 1111
50782 6 0 1900
51338 9 11 6174
51354 22 29 3926
51661 38 1 1557
52069 14 16 6307
52600 2 48 5561
53149 38 34 7579
53710 15 11 1990
54217 45 16 7547
54447 38 2 9994
54598 6 46 3276
55120 33 3 2377
55526 16 44 7839
49390 29 11 5461
49430 12 31 671
49690 6 39 7181
49844 16 15 1389
50105 34 10 749
50407 0 16 3577
50958 40 7 1652
51404 0 34 5484
51940 1 16 1394
52326 41 30 2183
52865 28 19 1480
53305 48 41 8070
53904 17 33 8639
53912 22 7 1148
54064 15 20 2940
54516 19 7 7850
55107 33 25 5713
55635 9 21 2244
55982 21 13 7145
56424 10 44 32
50119 40 36 2720
50136 21 34 1036
50502 7 20 7070
50774 27 0 3999
51013 6 20 4076
51492 15 16 7304
51610 44 22 1646
52207 0 14 3401
52616 47 10 3121
52722 1 6 3369
52965 11 8 1791
53209 7 19 4015
53359 40 8 3951
53687 27 1 4321
53830 39 26 8325
54290 47 12 1809
54569 24 9 8566
55083 31 48 9026
55130 29 35 8461
55301 32 26 4186
50660 25 11 7178
50789 9 15 9318
51083 11 15 2029
51549 47 14 8481
52139 28 7 8808
52683 49 14 253
52979 25 22 9861
53563 5 4 8858
53642 24 12 6032
54161 6 14 8490
54486 18 3 5092
55060 15 23 7721
55126 30 36 4150
55681 35 6 1602
55910 31 8 636
56283 43 4 3228
56641 39 37 6642
57156 18 31 8357
57631 12 13 8383
57907 42 20 7626
51124 24 16 9063
51428 37 22 4447
51885 42 47 7393
52255 27 37 798
52260 48 30 4982
52316 12 20 4547
52632 40 37 5523
52907 7 25 5187
53002 8 32 8578
53377 21 31 2733
53706 32 24 2368
54267 46 43 9949
54817 23 16 7165
55238 49 15 1935
55549 22 40 503
55829 40 25 7629
56338 27 49 2796
56719 24 49 9463
56767 37 12 9263
56860 15 49 961
52135 47 32 8065
52604 14 12 1061
53080 19 15 1129
53313 37 10 5076
53558 38 44 7304
53947 9 6 8691
53948 7 16 353
54517 46 6 8022
55039 7 28 6026
55571 24 48 4491
56123 40 19 8311
56206 38 43 999
56758 48 16 3363
56778 48 42 4586
57060 8 13 26
57631 8 29 1457
58226 34 36 231
58615 39 3 5911
58785 20 19 2231
59227 34 16 860
52736 10 11 5842
52743 31 25 9345
53059 16 39 9665
53562 44 28 3854
54080 10 23 8632
54623 49 38 519
55033 35 26 5586
55629 18 38 3986
56082 11 30 185
56089 48 23 7790
56164 11 47 2135
56558 1 34 1145
56961 12 13 3434
57122 14 12 4067
57511 47 18 8237
57748 21 5 7515
58048 38 2 6865
58356 40 25 2979
58521 0 25 7154
58954 1 13 2152
53010 23 5 3080
53499 32 17 9240
54045 41 37 2022
54458 38 15 5988
54836 17 49 9957
55197 47 25 9811
55334 12 22 5332
55555 14 25 4200
55810 14 22 3147
56167 16 36 4075
56272 25 23 718
56656 29 33 2798
56985 15 8 9716
57129 49 48 3563
57189 29 4 1127
57630 13 16 6270
58184 19 25 9482
58294 31 28 3217
58490 27 32 2388
58867 18 1 1334
53586 41 35 8365
53920 30 32 7151
53954 45 41 3275
54259 21 35 1311
54456 14 25 8419
54571 30 28 7368
54637 21 47 9345
54827 31 39 6745
54976 8 41 8915
55300 5 35 9366
55682 35 49 6414
55705 2 33 4117
55718 16 32 7108
55862 46 37 6183
56152 35 41 3261
56198 28 12 5442
56235 47 1 4662
56375 19 41 8711
56491 11 46 2707
56534 41 33 1565
54191 20 42 5179
54776 18 42 423
55352 39 46 6371
55501 18 37 7742
55517 13 35 4753
55961 5 36 5179
56360 16 35 2569
56471 24 16 7298
56690 15 12 2382
56695 28 29 8540
57181 13 6 4253
57249 11 17 9002
57478 46 36 4123
57481 47 0 9551
58003 38 37 5360
58576 43 35 317
58896 19 16 3812
59387 25 27 7298
59472 47 39 4266
59658 1 24 6382
54867 21 23 4439
54886 49 22 2474
55034 17 21 1068
55368 23 21 273
55392 15 47 4142
55803 23 38 4933
55957 1 12 9270
56197 36 49 9602
56446 44 11 9923
56806 21 7 7298
57118 1 48 839
57172 48 35 8296
57293 6 40 7601
57358 12 14 2743
57782 12 48 6992
58037 0 48 5895
58585 10 25 7114
58902 7 11 3843
59251 18 23 3410
59680 27 24 3549
55326 30 7 2281
55758 25 13 440
55894 47 42 4730
56115 22 29 9907
56664 32 30 7740
56859 11 20 302
57292 30 40 9422
57530 21 7 2846
57566 22 49 7715
57901 29 46 3526
58377 35 44 6099
58934 13 9 123
59265 33 45 6243
59574 40 20 9909
60085 2 26 5639
60603 9 19 5693
60867 23 7 5806
60957 14 41 8980
61263 39 2 2829
61792 32 21 9286
55832 26 28 8480
56212 37 14 1324
56726 15 6 1223
57263 0 39 3437
57474 32 8 3611
58064 16 48 8811
58540 10 1 6607
59087 24 38 3856
59316 21 46 6994
59383 15 36 8472
59869 6 19 6326
60113 11 1 5482
60544 16 37 7381
61022 43 2 3005
61026 13 14 6184
61420 29 42 7057
61924 49 37 9301
62428 30 26 4029
62481 29 2 638
62665 23 32 4265
56692 26 37 3553
57266 23 34 5079
57586 40 44 3947
57922 45 10 2332
58510 38 11 5795
59073 18 25 1221
59455 22 13 3306
59791 6 48 5078
60138 26 47 3315
60592 48 26 3499
60662 27 30 2296
60753 43 8 9773
60989 26 33 8702
60998 3 14 2849
61257 41 26 4698
61504 48 12 114
62002 10 44 8099
62256 7 44 1675
62748 25 16 9882
62822 48 17 2178
57151 2 29 5081
57744 18 22 1871
58073 11 41 8615
58203 5 32 8453
58634 6 39 7649
58964 28 12 3028
59541 2 5 2947
60119 14 7 2050
60168 35 2 4067
60527 22 32 2951
60839 11 13 7464
61211 13 15 9285
61562 2 24 9406
61941 0 11 8741
62273 5 28 8124
62855 0 26 6457
63416 15 28 4569
63687 7 3 5602
63821 21 41 9899
63976 33 22 9386
57887 43 16 3776
58020 37 47 8635
58280 43 33 2710
58343 26 5 671
58920 48 24 9870
59152 0 10 8934
59677 5 49 479
60139 32 44 7642
60554 12 32 8237
60866 36 12 1701
61286 31 29 1566
61434 26 15 300
61509 12 13 3422
61823 38 15 6607
62270 42 21 2825
62352 21 44 9999
62610 5 0 8801
63136 18 23 934
63386 10 30 5571
63983 36 6 8349
58270 14 27 8133
58302 31 40 3052
58622 37 31 8515
58761 4 16 4117
59201 3 14 4199
59286 29 33 4828
59407 17 29 418
59709 8 22 2325
59905 11 3 3138
60192 6 37 5278
60665 20 5 4001
61061 17 15 8002
61591 19 30 8719
62122 38 35 1784
62255 44 32 750
62423 14 9 8191
62617 43 2 3347
63060 2 18 4679
63581 44 40 672
64079 31 36 5856
58959 9 15 8537
59528 22 23 8274
60063 7 45 1924
60300 24 17 5664
60436 20 30 5918
60832 40 2 768
60929 13 35 831
61333 20 46 7861
61670 4 40 2121
62017 26 6 3617
62025 34 39 8036
62046 21 38 4849
62355 47 4 6275
62384 19 46 9194
62426 23 35 8697
62497 43 42 5151
62916 13 29 2781
63204 8 46 7527
63355 41 4 1784
63756 2 47 4273
59457 4 18 2076
60017 42 16 5002
60086 13 16 1850
60240 10 24 7045
60301 8 25 5766
60328 19 42 2096
60889 20 26 2407
61424 37 11 2617
61695 46 16 2762
61700 33 1 4338
61945 0 18 7261
62243 6 16 9344
62717 49 8 3538
62922 29 48 4494
63000 33 3 368
63565 21 45 413
63763 34 0 3035
64332 8 47 2383
64916 25 44 7749
65108 28 27 842
60369 41 28 5056
60828 35 20 213
61326 42 15 2925
61684 45 1 1950
62271 40 24 7700
62474 12 20 1777
62912 43 14 8231
63105 14 17 1376
63501 6 17 3353
64021 13 34 1860
64468 42 45 4923
64763 20 36 8981
64996 11 29 9987
65587 37 19 3765
65745 25 10 2886
65897 40 33 1564
66393 3 9 6304
66958 20 40 1953
67107 44 25 2420
67233 3 25 584
60694 14 41 4351
60859 26 33 2571
61009 26 41 2641
61554 18 41 1782
61714 23 26 9620
61733 17 5 623
61826 36 24 26
62312 36 40 8586
62908 31 30 4287
63454 40 32 6911
63864 40 1 6712
64052 0 11 7118
64367 8 15 5842
64452 5 44 4401
64816 18 34 7516
65292 34 31 193
65796 12 35 5293
65900 13 19 378
66182 30 45 2147
66651 42 9 3330
61309 36 14 5206
61313 11 4 8838
61796 31 14 4420
62234 23 21 6979
62525 33 26 9223
62774 38 17 7632
62963 4 16 6732
63031 6 32 8425
63187 45 9 5924
63441 15 16 5703
63602 15 12 6197
64002 34 26 2906
64413 49 8 1720
64701 45 23 7140
65218 28 8 4227
65317 48 42 4234
65405 4 30 3947
65746 47 10 7025
65888 36 2 117
66001 48 42 5512
62303 2 39 2411
62778 5 10 7925
63082 16 3 7293
63141 41 8 8871
63183 9 34 3655
63537 5 19 2054
63748 22 6 3751
64290 2 31 5042
64746 39 38 444
65342 6 40 7344
65662 30 29 425
65861 31 2 4723
66011 42 30 669
66011 4 24 7929
66273 29 42 2852
66838 26 10 6328
66974 2 6 9042
67347 2 44 2325
67734 40 44 3337
68092 44 3 140
62835 36 47 9117
63015 21 34 7987
63079 41 34 8179
63370 24 40 8846
63851 30 48 1722
63909 33 38 7552
64262 10 39 3234
64503 48 26 4091
64649 18 3 7572
64999 22 35 8203
65038 35 9 3577
65539 44 2 1393
66100 38 40 5054
66191 10 29 781
66730 24 20 4312
66763 27 5 1599
66906 15 0 4235
66975 38 35 4431
67012 12 44 6009
67152 18 41 1094
63315 21 45 6820
63670 40 8 7357
64257 7 11 2722
64836 14 0 7022
65104 37 11 2620
65364 33 30 8902
65924 43 35 3598
66503 40 45 6802
66687 42 21 1198
66912 8 7 926
66932 32 8 6453
67204 9 49 3183
67307 35 34 6885
67732 9 31 4130
67959 24 21 6250
68184 23 33 2009
68396 28 8 2551
68898 41 36 5235
68907 12 44 5869
69479 2 20 4682
63685 10 30 8389
64041 43 48 9574
64232 5 47 5836
64577 8 20 8212
64844 14 26 2365
65297 25 28 2528
65421 11 20 7545
65519 32 49 9227
65739 24 38 9776
66060 25 49 3483
66140 14 49 5235
66658 6 13 2522
67219 30 49 2898
67742 12 13 7622
68341 48 47 704
68881 8 36 150
68957 1 43 6145
68970 36 27 6441
69082 12 22 2861
69294 47 25 7366
64504 9 16 2819
64540 4 11 4517
65093 27 26 6840
65184 38 33 8534
65674 6 4 31
66136 24 45 151
66651 42 40 973
66857 15 23 7999
67385 0 39 8728
67788 28 47 8884
68128 7 28 1789
68313 48 38 4107
68422 32 0 4389
68958 0 8 7267
69301 47 19 4025
69652 48 42 3111
69770 14 32 2752
69934 24 4 953
70035 48 2 6102
70583 18 48 8923
64981 9 10 5936
65436 41 2 367
65477 47 21 1621
65723 29 12 2617
66185 23 38 5619
66611 36 42 9479
67208 10 11 1165
67362 21 7 2135
67872 4 17 7756
68439 6 33 5750
68895 8 23 9409
68922 10 11 2918
69055 3 42 8519
69350 33 22 8603
69938 10 20 214
69945 11 4 9699
70106 22 44 3022
70144 37 2 9363
70698 18 4 9338
70801 40 1 547
65544 34 44 915
66008 14 5 6867
66166 33 7 1325
66705 15 38 4577
67075 21 36 8327
67389 12 46 2966
67774 24 42 5726
67801 42 43 7757
67911 45 48 279
68053 2 32 5846
68120 20 42 9127
68315 9 8 8191
68518 28 26 4032
68614 28 14 5653
68740 15 28 5038
68940 25 37 1232
69212 11 42 9387
69536 15 30 6892
69588 28 10 9305
69894 24 1 8116
66061 15 5 2116
66257 35 38 8918
66710 17 20 9623
67049 13 30 7392
67578 16 15 7911
68011 3 20 726
68531 10 44 8096
68827 8 22 2028
68997 20 25 8906
69589 39 15 7348
69863 9 45 5243
70257 11 13 813
70688 47 48 9439
71279 47 1 5167
71357 37 34 6673
71405 10 20 3087
71564 19 22 6796
71640 44 32 119
71649 10 22 4660
71746 6 33 3084
67052 20 49 6206
67074 21 0 6132
67116 10 16 5647
67463 44 46 4467
68034 4 39 1744
68388 22 17 6598
68545 10 19 5255
68578 35 30 4196
69131 36 0 4111
69455 49 44 9048
69904 33 15 854
70325 32 40 2836
70586 40 26 6884
70615 10 31 8179
70838 44 43 8579
71340 15 18 482
71356 29 23 3955
71819 9 24 1622
72060 36 39 1739
72624 3 17 4649
67563 39 35 369
68107 45 48 8566
68367 42 35 5615
68378 2 9 6626
68380 17 14 5705
68656 18 41 3135
68803 7 3 4338
69164 28 20 5762
69645 46 19 7236
70030 38 10 2364
70235 22 47 8788
70472 20 32 8181
70792 6 2 7368
70965 48 39 4056
71549 17 26 2377
71670 17 26 9895
72034 31 34 2294
72609 12 31 9448
72661 11 35 9321
73218 33 46 8276
67888 4 38 3520
67974 27 15 2984
68112 16 43 6600
68609 26 33 7009
69192 37 8 8749
69442 35 31 7297
70030 19 41 253
70256 22 49 5596
70692 29 27 1370
71046 24 22 6793
71328 42 43 1798
71674 5 11 3669
72075 31 29 1829
72468 38 29 376
72470 27 2 5570
72913 13 16 6712
73397 49 35 1471
73669 21 37 5156
74240 41 1 6413
74405 16 9 5431
68890 32 34 7171
68994 0 7 44
69578 28 6 7994
69622 17 3 2898
69984 44 42 3894
70111 45 16 8552
70253 16 44 2519
70506 8 43 5789
70905 21 32 7664
71028 20 49 6102
71588 41 44 3631
72129 44 12 9034
72514 37 1 2294
72990 2 41 1851
73495 48 2 9923
73893 23 41 7540
74418 29 24 9277
75011 35 15 1226
75451 17 42 1747
75995 11 13 5684
69019 27 40 9600
69421 14 16 3223
69602 29 3 8901
69714 8 32 4256
70052 12 35 1203
70264 21 23 4828
70700 49 32 159
71238 49 1 4668
71832 23 18 9738
72198 24 34 9064
72431 31 18 5551
72561 13 5 2580
72661 49 3 6772
73156 6 21 4710
73298 28 49 3478
73535 30 48 6256
73962 30 21 3396
74412 22 27 6600
74715 8 43 9237
74809 26 15 8360
69890 29 46 7767
70205 23 46 4783
70723 38 39 1728
71232 10 29 9948
71547 33 45 5054
71986 16 24 2419
72046 5 26 3601
72549 31 24 726
72937 3 49 2351
73109 24 3 3853
73467 20 8 2783
73525 21 28 5543
73938 2 29 5113
74176 7 15 1475
74430 47 2 6505
74863 13 10 6202
75374 20 10 7527
75613 18 36 9678
76050 21 43 7469
76506 29 48 9405
70625 27 21 559
70899 41 2 5457
71262 31 17 1952
71678 37 1 9312
72275 34 2 3211
72721 37 13 7936
73121 7 44 9431
73357 33 34 1023
73560 11 24 6287
73866 16 21 4919
73883 38 0 7836
74243 36 15 1346
74783 27 39 1034
75102 45 35 2833
75486 36 31 4244
75526 0 31 97
75607 30 47 8778
76038 7 36 8320
76237 39 49 3368
76516 10 29 1873
70892 21 16 2780
71429 30 5 7575
71903 43 15 1701
71918 11 40 1781
72339 30 26 4587
72933 28 13 3805
73273 11 39 6960
73681 40 17 8759
74274 11 2 6609
74675 49 22 8498
74953 1 31 4845
75001 12 44 7409
75321 7 29 670
75899 2 24 1573
76461 20 40 2181
76705 41 36 6076
77088 39 5 8971
77529 18 43 921
77791 24 14 8139
77978 37 35 6850
71912 21 10 6307
72265 31 7 7063
72510 19 33 4839
72632 21 0 8435
73183 35 4 2422
73487 16 2 6880
74043 46 41 5686
74472 20 0 9614
74799 18 27 5107
75296 9 24 5203
75786 43 47 7835
76145 14 29 4725
76199 4 46 7117
76766 21 40 327
77335 31 32 8529
77527 38 8 1798
78007 42 15 6692
78331 18 36 4231
78485 25 31 6880
78787 34 39 7006
72380 41 15 5276
72861 18 13 5994
73358 35 30 1856
73785 49 15 2423
73845 25 34 2190
74209 14 18 4100
74680 27 22 6395
74815 3 36 1835
75378 36 31 3010
75436 16 44 6034
75952 14 29 4030
76479 31 20 5520
76898 49 1 5756
77341 5 12 2073
77363 4 45 1581
77436 47 9 2087
77764 43 38 8392
77981 30 23 3701
78386 33 34 7599
78737 25 1 7208
73181 30 11 1307
73269 20 48 2760
73855 21 8 9195
74219 13 22 264
74634 44 2 6463
74905 28 49 9713
75342 17 24 1271
75464 28 36 4444
75983 3 44 1826
76157 38 0 1140
76610 35 21 9819
76980 34 14 5489
77046 2 39 2568
77528 19 10 1511
78049 28 10 7998
78473 34 15 5498
78715 34 1 6701
79256 34 1 1929
79842 44 35 9708
79898 21 45 6115
73670 32 9 2956
73948 0 19 1412
74064 47 26 2904
74340 35 24 3046
74798 49 32 3177
75052 0 31 2329
75449 8 49 4358
76044 19 5 6938
76160 45 19 7490
76525 20 39 5694
76966 24 4 6753
77450 15 39 2862
77589 32 36 5401
77704 40 4 3258
77803 20 48 1606
78233 33 5 6043
78483 32 22 7687
79025 38 26 4589
79471 46 14 5442
79781 37 18 3942
74347 3 10 6963
74837 27 42 1444
75136 31 39 7912
75727 22 38 8358
76004 39 10 7216
76196 7 38 9500
76763 43 16 416
76826 18 38 1948
77393 31 24 9134
77906 22 4 2898
78061 15 7 6341
78253 8 39 321
78828 34 39 3314
79219 33 48 4034
79687 12 43 7268
79829 34 33 2193
79982 28 23 1498
80491 36 19 4413
80737 43 20 1519
81065 12 33 3600
74611 8 12 4417
75026 26 16 8646
75046 16 47 1638
75567 48 11 1641
75791 45 25 9705
76182 4 17 3923
76317 21 5 3262
76335 19 40 5715
76734 35 13 4020
76736 13 14 3380
77184 15 9 8595
77593 43 28 8298
78186 1 14 5606
78568 3 38 3009
79064 4 29 7090
79194 22 35 692
79327 42 8 9356
79401 3 18 4957
79976 29 44 7414
80454 8 9 9097
75474 30 35 171
75656 1 49 5864
76223 11 16 7226
76356 40 19 234
76687 0 24 7116
77112 33 26 6950
77526 20 45 4401
77931 29 33 184
78414 32 41 7296
78934 24 9 2173
79270 27 25 6733
79584 7 4 7835
79859 44 27 2515
80225 0 5 4488
80412 37 16 2651
80843 18 33 6951
81032 21 20 6559
81262 1 12 8846
81438 23 9 1688
81901 42 14 8774
75676 12 7 5237
75950 33 40 4712
76401 48 41 3940
76758 16 38 7115
76822 6 48 2345
77209 10 17 7
77748 2 5 4027
77953 28 42 6992
78176 4 30 3208
78427 8 49 6002
78913 10 13 9832
79116 23 0 3685
79154 7 44 9474
79365 37 10 9459
79485 1 4 5858
79605 46 44 9476
80131 38 16 5497
80470 33 10 5390
80739 18 37 2315
81267 25 20 2215
76240 35 34 5890
76463 20 29 7675
76966 45 47 6578
77467 21 16 4286
77831 34 11 6530
78168 16 47 6049
78276 32 6 4647
78654 4 5 4468
79046 49 24 4343
79589 24 3 7747
79673 17 34 6203
80140 35 6 9718
80507 33 17 1978
80640 38 8 3275
80739 23 45 1813
80826 41 20 8726
81152 47 8 5491
81676 6 44 2339
81900 33 7 5641
82378 17 2 2015
76904 23 16 5847
77192 34 31 3637
77436 24 37 5448
77670 32 8 5092
78205 9 8 570
78359 5 2 7993
78820 46 2 9975
79158 38 21 4028
79476 36 42 4102
79704 32 6 2990
79984 27 7 5111
80560 41 2 2709
81066 0 16 9292
81090 48 25 6614
81469 46 18 4568
82023 6 5 6881
82225 26 29 4231
82727 2 23 8534
82761 29 40 9196
83131 13 39 7140
77790 35 10 772
78001 29 8 8067
78297 33 37 546
78397 6 3 9199
78848 32 23 5570
79024 4 48 3642
79389 26 22 1244
79979 13 47 8704
80477 4 9 6843
80900 26 47 6854
81072 47 2 5181
81604 48 13 9962
81938 4 8 5126
82441 46 8 3059
82719 36 37 2663
82746 47 5 5607
83281 29 12 3899
83526 44 16 9451
83847 29 3 2690
84151 23 41 2657
78044 41 3 9291
78288 8 15 9019
78768 20 42 7202
79194 45 19 5828
79789 47 30 5583
80166 10 32 4625
80171 40 23 3044
80412 32 40 3386
80412 10 14 803
80905 12 15 4103
81360 45 32 962
81529 21 44 9446
81583 0 36 7405
81753 30 45 2973
82157 29 28 7346
82326 12 9 2010
82867 2 34 4003
83391 13 23 4799
83826 34 15 8530
83963 31 2 1567
79034 21 17 6488
79401 39 14 4502
79773 1 21 7234
79921 2 48 4055
79924 39 47 2199
80435 44 2 6147
80570 17 39 3363
80674 34 27 4533
80982 20 48 9731
81564 20 41 3594
81714 36 47 6842
82294 46 8 508
82451 43 2 9561
82530 10 46 2909
82954 30 45 2133
83432 43 3 3954
83867 7 36 8549
84162 16 20 4172
84464 25 9 1691
84590 28 4 769
79528 15 29 2588
79833 34 41 5280
79935 7 26 4153
80003 24 38 2891
80435 35 22 521
80691 3 21 9378
81239 34 45 1170
81486 3 32 8258
81843 21 47 7086
81951 14 22 8234
82090 43 31 5544
82181 15 39 7936
82685 13 18 494
82891 21 6 1054
82960 47 3 3647
83549 31 45 9031
83563 40 2 943
83961 9 22 8396
84417 26 40 1939
84839 39 0 2197
80285 49 18 6297
80591 15 23 9863
80715 48 11 3653
81277 40 48 2486
81315 12 10 159
81511 48 38 4625
81968 10 42 8094
81998 3 34 4137
82429 28 35 9785
82447 37 29 412
82485 27 1 6100
82714 48 39 8519
83165 8 32 6425
83272 45 6 1384
83840 26 19 3438
84050 18 9 595
84524 45 23 4982
84669 17 25 5033
85242 40 3 8519
85400 4 28 1514
