442 16 9 3079
716 9 1 1197
851 6 17 4813
1412 16 2 2493
1734 13 8 1463
1781 19 2 3217
2156 18 5 6649
2707 3 6 1734
2965 15 17 4164
2989 1 18 8223
3521 17 14 2943
3607 5 13 9519
3870 9 18 3623
4175 0 17 8290
4311 19 2 9901
4821 6 13 4909
5260 12 19 3322
5628 5 12 2894
6084 10 18 3173
6164 12 0 6526
1104 7 2 2720
1660 0 4 4645
1735 19 8 5758
2010 18 11 5429
2073 11 10 1760
2241 6 18 6884
2598 8 13 4650
2644 5 8 9462
2683 0 7 6310
3067 13 1 4315
3504 8 16 8072
3922 19 5 3545
4246 19 8 2424
4393 13 6 4320
4517 14 6 7709
4706 11 5 7955
4845 19 16 5463
4876 18 4 1081
5401 13 19 4469
5482 5 11 7624
1290 1 10 5363
1305 1 18 2181
1591 12 13 6495
1922 15 6 5762
2100 16 7 6386
2432 18 10 9468
2780 8 9 8835
3355 5 0 6474
3815 2 11 9552
4065 1 16 6771
4183 4 0 1234
4715 6 7 735
5124 2 3 9176
5383 16 0 166
5864 15 7 5654
5978 7 13 316
6098 2 16 486
6616 18 2 5335
7040 6 1 9421
7073 17 8 5507
2201 4 2 7146
2591 19 3 235
3115 18 9 2295
3495 2 15 9093
3966 19 17 6980
4020 6 11 8350
4092 14 4 6822
4226 4 12 6028
4698 2 16 4372
4968 1 12 5768
5457 6 16 8346
5971 17 8 3264
6050 13 11 5423
6282 19 18 7888
6322 2 15 9650
6917 0 12 9026
7024 5 11 9896
7105 15 9 5274
7356 16 15 1876
7372 7 4 819
2834 3 11 5425
3130 18 10 5649
3408 17 5 8067
3769 18 19 2756
4051 4 14 1780
4092 9 19 7430
4676 6 2 9100
4918 6 16 9216
5383 15 16 5772
5946 15 5 2341
6190 4 16 8819
6685 6 17 4679
7238 0 13 113
7505 11 12 5705
7947 10 9 8103
8049 18 15 7130
8170 16 19 8799
8614 19 11 7712
9069 14 4 4999
9592 8 7 5692
3325 12 0 1988
3395 19 10 1965
3867 18 8 9642
4419 12 11 2690
4642 19 10 6446
4655 16 4 995
4895 18 0 394
5429 7 3 9168
5939 3 6 8335
6414 11 15 2139
6449 18 4 237
6751 6 0 2618
6819 0 3 9738
7250 6 1 7373
7534 13 1 7995
7606 13 15 5721
7707 13 4 3003
8103 16 12 717
8493 0 2 8669
8734 9 3 2987
4035 4 2 3702
4214 12 19 6186
4783 19 5 8733
5253 17 13 3988
5257 4 16 9499
5697 11 13 9324
5982 17 6 1469
5997 4 10 4680
6559 16 3 6024
6684 10 3 4384
6884 13 11 4276
7192 0 6 4836
7332 5 3 8864
7602 3 16 9594
7776 11 15 2596
8316 2 9 5148
8891 3 11 7544
9310 14 16 2247
9714 18 2 8400
10028 13 14 487
4523 16 2 830
5117 2 9 8813
5196 4 8 3029
5788 14 18 1802
6347 8 1 6778
6420 14 18 8877
6731 5 8 4083
7323 8 4 9553
7614 15 5 1970
8084 18 16 2092
8384 4 3 8507
8441 2 0 5140
8834 10 8 6163
8967 9 6 8225
9073 15 12 8363
9506 13 11 6235
9597 0 1 1918
9735 2 9 6054
10202 18 0 606
10273 7 11 6666
4948 18 14 1204
5073 13 18 2296
5658 6 8 3020
6036 8 14 9948
6146 5 16 6057
6733 15 10 1436
7296 7 13 5866
7563 15 4 1583
7761 5 10 6089
7898 11 6 2410
8230 9 14 9745
8476 4 19 9745
8922 0 18 8146
9085 0 6 4631
9141 12 2 6121
9364 12 19 7245
9818 9 13 7554
10018 9 4 9840
10199 13 6 4943
10578 16 19 6695
5540 12 10 1262
5578 12 0 3234
6159 5 8 3261
6276 16 7 492
6336 11 18 4249
6531 15 3 2930
6551 8 6 4920
6907 18 16 4647
7371 8 0 2980
7666 0 2 9422
8061 9 4 8656
8204 9 3 322
8516 3 14 9564
8761 14 18 1954
9289 16 10 6210
9314 0 3 5703
9590 18 9 8145
10126 17 13 5965
10129 1 15 5424
10329 12 16 668
6135 3 15 7177
6528 3 10 4959
7037 13 9 4655
7307 0 14 626
7362 17 6 5074
7532 2 0 1248
7543 0 6 6581
7985 6 8 2605
8517 11 1 8305
8564 9 13 6599
8853 15 16 6713
9244 12 1 3069
9477 16 4 5684
9787 16 9 7338
9884 4 9 249
10144 7 4 358
10231 12 14 7401
10534 16 8 2458
10616 14 17 1779
11037 5 14 7831
6621 18 9 6048
6922 17 19 7106
7189 0 12 403
7424 1 9 2580
7616 10 2 3981
7666 14 18 615
8004 4 0 2353
8056 7 1 6942
8365 18 6 1251
8882 14 17 231
8984 13 10 4900
9534 12 17 5318
9581 0 17 7795
9802 16 1 7813
10213 16 10 5288
10326 17 9 3023
10810 15 5 4774
11336 18 17 1814
11623 15 16 7999
12038 5 16 3349
7259 4 1 6927
7319 8 5 4251
7452 2 18 2386
7697 4 18 1205
8056 10 8 9273
8111 6 0 4126
8292 4 11 8496
8559 4 16 5730
9007 4 9 4089
9521 1 13 9296
10050 7 4 7766
10131 11 8 3290
10416 4 1 3067
10591 3 11 3199
10850 13 9 5987
10887 12 15 9845
11063 18 17 2668
11481 9 7 9368
11630 5 12 2152
11680 7 15 1836
8231 11 0 5857
8491 4 17 6005
8714 7 0 2567
9013 7 0 8327
9246 18 1 9137
9362 8 14 3462
9690 16 7 473
10290 1 15 2085
10660 18 5 2459
10710 13 16 1192
10908 7 10 6400
11098 9 15 6908
11247 15 8 3145
11462 8 3 1141
11606 12 15 6508
12156 13 0 547
12670 14 4 2391
12829 2 15 4660
13059 8 3 6627
13623 6 10 1612
8771 16 4 3882
8788 14 7 7536
9312 1 15 6816
9628 1 8 3360
9869 8 13 9813
10417 10 5 140
10978 18 13 2480
11076 3 11 8044
11241 0 12 4342
11804 4 19 9937
12319 10 15 1793
12598 11 19 729
13029 8 9 7272
13479 15 11 4647
13515 7 6 2420
13926 16 12 2199
13949 14 16 9940
14379 10 3 1531
14462 8 11 5671
14678 1 4 3484
9397 17 15 6488
9810 9 0 4755
10270 11 5 106
10816 8 13 8208
10882 3 13 1954
10887 7 16 2546
11207 12 5 2736
11654 15 4 1598
11868 0 11 542
12462 3 8 4872
12793 14 8 7403
12856 5 4 2026
12941 7 14 65
13070 4 17 9134
13607 4 1 1842
14024 2 11 9656
14466 11 2 6164
14890 0 12 4813
15181 18 15 5847
15595 12 10 5678
9665 18 7 3917
9760 8 15 6611
9890 13 5 4766
10313 11 10 715
10749 7 4 6660
11146 8 19 3994
11471 10 9 2688
11589 8 14 8977
11653 13 2 2715
11812 18 16 5367
12406 12 10 6449
12561 4 1 198
12639 12 3 5481
13123 17 14 6284
13529 10 2 7518
13898 19 7 9945
14282 11 8 6706
14413 5 2 2316
14628 18 0 718
14643 18 19 3879
10341 16 6 6761
10885 11 10 8809
11330 0 17 7034
11439 8 18 8864
11847 17 10 9660
11872 17 7 1660
12278 11 0 5494
12593 10 17 1691
12770 14 17 701
12949 11 18 3765
13270 17 5 1154
13627 4 5 2932
14143 11 13 5510
14494 5 3 6988
14944 18 6 120
15291 13 4 447
15425 14 0 5123
15859 6 9 2430
16200 8 16 2289
16486 18 7 2677
10990 0 2 1078
11270 11 13 7756
11761 10 6 9096
12036 7 5 2773
12388 17 13 2130
12476 12 15 7185
12651 5 12 320
12998 16 12 8291
13598 18 8 286
14167 0 5 1448
14718 1 19 4722
14913 14 16 7888
15069 1 13 8068
15277 8 1 9349
15355 8 10 1631
15396 14 11 4220
15793 10 1 2620
16162 13 2 4534
16446 12 2 4497
16633 14 12 8265
11924 11 13 8013
12041 3 0 9534
12168 7 0 5942
12644 18 0 1046
13147 8 17 7374
13173 1 3 7301
13454 3 7 9263
13472 3 8 7063
13806 6 9 1041
14254 16 18 8154
14507 5 1 8231
14886 16 17 4887
15477 12 2 8690
15711 7 8 2909
15751 1 13 6066
16344 11 3 6518
16868 18 4 6942
17079 6 0 6447
17235 1 14 3252
17509 1 14 7154
12374 4 9 4657
12401 17 15 6139
12585 13 1 4695
12924 5 8 6510
13220 18 6 9861
13399 10 19 4729
13494 14 4 8239
13777 2 15 2360
14004 8 15 5257
14192 7 19 1807
14221 16 9 895
14291 3 18 4212
14709 16 4 9457
14961 10 9 8887
15350 4 17 2191
15452 8 18 401
15775 17 0 6094
16318 8 11 3283
16412 14 17 6769
16718 16 4 4023
12794 0 8 7990
12944 3 1 9241
13162 1 12 3614
13723 9 12 6527
14148 3 19 3674
14369 7 16 2883
14600 10 8 8812
15138 11 19 5292
15218 18 5 8903
15686 16 1 2412
16026 8 17 7307
16151 18 17 6815
16680 12 7 2644
17113 16 3 1770
17405 14 5 8310
17455 17 7 5940
17666 7 5 1446
17762 3 13 7103
18249 19 3 5180
18715 4 11 8203
13384 3 7 758
13637 6 19 5493
13717 8 7 3394
14059 8 10 3929
14538 5 16 8048
15011 17 15 9621
15404 10 6 1520
15980 3 16 7048
16022 17 6 5243
16585 10 0 3236
16725 16 19 1949
17089 11 3 6674
17107 16 0 4928
17369 2 16 2940
17530 7 13 2107
17612 9 19 1339
18113 3 1 1106
18490 12 4 2760
18616 5 15 59
18931 13 10 4159
14292 14 0 9746
14762 15 0 9576
15028 9 16 3551
15550 4 11 233
15807 14 5 2391
16179 0 7 7881
16457 9 2 3362
16566 15 1 7745
16764 3 10 3676
17179 4 13 813
17315 12 7 9579
17867 14 8 2974
17869 16 2 895
18059 17 9 9024
18253 14 11 5708
18753 19 7 1429
19031 16 8 3186
19374 3 15 1542
19507 12 17 7623
19602 9 15 1080
14745 14 10 1184
15180 11 6 190
15314 2 11 8842
15356 15 0 4974
15849 16 19 6418
16087 17 3 2954
16186 8 16 6507
16763 5 18 3955
17317 4 10 2076
17401 16 17 6236
17846 8 7 405
17871 0 3 2293
18102 14 8 9987
18595 8 17 9970
18662 6 18 1825
18968 15 5 470
19317 6 4 4314
19409 16 18 9299
19997 5 14 9644
20141 1 9 6354
15529 18 12 1847
15556 4 6 1444
15657 12 3 4051
16236 14 3 8472
16799 3 16 2125
17372 8 18 6566
17639 4 17 9242
17860 17 16 8105
18438 1 18 4935
19032 0 12 4851
19147 19 11 2679
19458 12 11 3082
19562 11 3 3819
20003 6 0 8672
20426 11 5 7774
20592 3 13 5240
20635 16 10 9421
20788 13 16 3548
21221 9 19 2298
21484 7 6 3089
15729 15 18 81
15851 6 4 7846
16112 11 1 6526
16220 9 11 9018
16373 0 9 6770
16413 4 12 9064
16901 9 10 8254
17071 9 18 3444
17397 1 9 6510
17636 11 7 3691
17985 2 5 5292
18353 19 13 5563
18568 9 12 3750
19095 19 5 2904
19472 13 0 8046
19505 1 18 740
20105 0 2 5639
20405 0 12 6738
20917 18 1 7215
20943 16 1 629
16628 16 4 2702
16892 2 10 2264
17366 5 12 4434
17732 9 2 6217
18110 3 7 8016
18382 12 4 8704
18674 16 13 500
19173 2 0 2640
19193 16 14 7791
19204 7 19 8481
19541 9 10 3188
19596 3 12 4100
19941 0 11 3308
20232 16 17 5519
20617 9 8 9532
21157 7 14 87
21299 14 1 6022
21567 7 3 8160
21668 16 4 3240
21983 0 1 7743
16953 11 10 3184
17011 1 7 8744
17041 11 2 9611
17392 16 18 7916
17783 16 0 7891
18204 17 5 2884
18269 13 10 8364
18685 19 6 9253
19093 1 19 4850
19230 15 18 7475
19247 16 9 713
19559 5 9 7242
20137 0 4 8784
20180 14 5 4109
20369 0 15 3395
20829 6 0 441
21423 10 8 1975
21705 18 0 177
21931 11 5 7794
22271 11 9 9568
17846 2 19 7398
18226 14 11 8845
18567 15 18 7995
19017 4 16 1463
19110 9 8 9852
19198 16 19 9616
19733 14 15 2988
20331 17 2 8259
20658 7 14 6623
20721 14 13 2262
20771 8 6 5257
21128 11 14 6596
21532 15 4 1912
21834 17 19 5296
22365 14 15 7179
22487 5 2 6535
22787 11 17 1866
23190 11 18 5119
23337 1 11 3369
23739 6 0 4733
18044 12 1 7629
18091 1 3 9742
18155 16 15 3962
18297 14 5 7227
18713 13 6 5592
19147 17 0 8680
19412 11 2 2327
19756 1 9 4036
20350 5 0 9482
20919 4 3 5169
21009 14 5 8089
21214 10 7 3079
21638 18 19 678
21787 2 1 9539
22026 2 17 5673
22266 10 18 5531
22528 2 15 4211
22785 8 12 7348
23352 9 4 5772
23393 10 16 4548
18924 1 19 3259
19474 14 8 9664
19736 0 7 9122
19966 0 13 4272
20197 11 5 5294
20442 10 16 6725
20666 18 1 7150
20912 2 0 9711
20943 16 8 3344
21104 12 8 5396
21188 15 0 5136
21577 17 5 9152
22018 2 17 2245
22454 17 18 1934
22564 11 16 3794
23032 6 16 9047
23116 10 12 8355
23140 10 19 5451
23328 14 13 178
23854 3 0 7668
19664 8 3 8943
19875 8 2 7352
20147 4 19 7539
20173 7 0 4645
20626 13 5 2085
20854 10 4 3315
21046 0 15 2003
21526 3 19 8819
21880 7 19 8988
22287 2 15 9575
22761 3 8 5364
23066 17 13 1787
23610 8 11 5604
23993 8 9 8901
24344 17 13 5148
24527 4 11 7609
25078 0 8 6196
25107 5 9 7904
25161 6 1 5567
25638 13 1 6382
20004 0 19 2018
20143 11 16 5558
20460 19 16 5751
21022 14 2 6561
21111 4 6 1508
21445 4 0 7454
21880 13 19 176
21969 11 12 3883
22043 0 4 8121
22520 12 9 7690
23060 11 18 8510
23493 12 13 3203
23696 17 6 6494
23842 1 8 9422
24349 12 17 1736
24866 0 16 1500
25249 18 1 302
25758 6 13 4265
26242 2 16 4466
26690 2 11 8625
20575 13 15 53
20585 19 11 6816
20658 17 8 3483
20902 19 6 4977
20988 17 5 4457
21329 14 17 517
21777 3 18 5395
22266 10 3 5654
22469 2 10 4582
23057 8 5 3100
23308 17 13 6139
23471 18 15 9408
23681 0 3 9280
23685 13 11 5732
23782 7 5 5071
24264 0 5 403
24382 16 3 8213
24647 13 9 8522
24659 0 17 4293
25171 10 14 5615
21096 5 19 429
21372 5 15 6550
21459 19 15 3493
21662 10 14 227
22004 5 12 1221
22259 7 17 8137
22777 8 17 273
23024 11 0 7131
23499 18 19 1789
23877 17 12 6025
24204 1 7 3326
24497 6 12 1332
24739 2 5 7979
24747 12 7 108
24994 10 18 7818
25111 14 4 1174
25662 3 6 1563
26058 1 5 1603
26544 15 1 7280
26611 18 4 651
21967 16 11 8047
22472 2 1 2752
23072 6 0 4797
23489 12 1 2050
23803 12 9 2349
24112 11 3 4776
24500 13 15 9728
24820 10 15 6682
25248 11 2 9083
25472 11 13 4194
25570 4 0 9479
25776 16 10 5013
26194 12 17 6639
26448 6 14 2989
26756 14 0 4281
26841 0 8 6279
26941 14 17 2920
27165 12 15 5420
27169 12 1 6548
27426 4 8 3942
22302 0 5 3587
22866 17 16 6671
23462 11 9 8524
23504 5 8 6598
24094 5 14 98
24463 4 3 4653
24553 10 12 6795
25075 16 5 2239
25379 6 1 3089
25779 11 7 1443
26195 1 7 9400
26261 8 10 288
26295 16 12 8333
26411 12 11 402
26965 5 11 8376
27208 5 0 2168
27326 12 3 2057
27483 16 15 4118
27621 1 7 4079
27937 15 1 4881
22857 12 6 6729
22992 12 18 1401
23552 0 8 9212
23849 17 10 602
24332 6 5 9443
24644 12 8 2422
24970 14 19 2651
25430 14 4 209
25431 9 2 9557
25914 18 5 5484
25975 1 14 2965
26000 0 16 3255
26055 14 5 8520
26137 15 12 8546
26577 0 18 4658
26930 11 15 4018
27247 7 15 7612
27731 0 10 8443
28135 4 8 2402
28386 18 1 2510
23628 14 17 9860
23784 6 5 3148
24304 9 12 2748
24710 1 8 8475
25110 13 18 4695
25294 12 15 5119
25728 12 16 5879
26320 18 7 835
26490 0 19 1811
26635 6 12 4647
26666 7 9 3774
26874 8 2 4321
26963 17 15 9784
27140 6 18 81
27573 15 4 8962
27851 9 14 6427
27865 7 12 519
28079 9 10 323
28150 0 9 7235
28706 1 12 5827
24348 8 13 1364
24746 12 5 8816
25286 16 2 7480
25306 19 10 3778
25713 7 15 7169
26200 6 12 2273
26206 11 7 2368
26760 19 18 183
27279 9 6 510
27816 11 0 9338
27842 6 19 1155
27930 17 19 706
28176 3 2 9662
28360 6 11 4434
28876 14 10 1808
29212 8 17 8575
29464 16 10 2629
29957 5 4 1917
30271 7 13 8116
30692 2 17 658
25056 2 19 2316
25280 12 4 8377
25296 12 7 6997
25601 10 13 7682
25836 7 8 5275
26030 17 8 1460
26215 10 7 8071
26601 4 17 913
26966 17 18 5178
27504 9 12 7989
27804 12 2 4697
28247 13 19 2696
28609 6 7 9205
28960 14 9 6741
29062 8 3 1394
29166 13 19 4193
29305 13 4 495
29530 6 17 5745
29910 18 2 1732
30470 16 1 4871
25627 6 16 907
26144 7 2 6179
26194 17 2 3506
26364 10 13 3145
26541 5 18 9941
26996 11 10 876
27423 9 6 5309
27768 7 3 388
27844 0 6 7717
28294 11 13 8518
28600 4 6 6554
28688 2 13 3745
29006 8 15 8539
29293 17 9 5520
29413 15 6 6660
29939 1 2 8614
30120 8 10 4391
30613 14 11 2844
31003 8 5 1049
31209 15 17 8507
25955 7 5 5236
25998 4 6 4544
26101 12 2 7893
26550 19 4 1549
27007 18 12 5016
27457 14 0 2337
27954 9 13 771
28205 6 10 2347
28677 16 11 477
29001 2 6 7357
29537 1 8 1831
29861 1 8 8846
29896 18 10 7404
30257 16 5 952
30527 2 11 6599
30633 10 16 4264
30886 10 16 5374
31044 8 19 3801
31582 2 9 9749
31714 16 10 4188
26536 5 6 5437
26542 3 13 2007
26838 0 19 7770
27222 12 19 5838
27634 0 6 538
27721 8 1 7223
27735 4 9 2099
27760 5 19 4417
28277 14 16 2235
28417 7 12 6079
28657 17 1 9833
28886 18 8 8016
28898 4 13 684
29438 2 3 6008
29836 12 19 5523
30046 13 1 7566
30617 18 0 141
30990 17 2 8202
31321 17 19 6521
31529 14 16 3030
27225 13 12 860
27376 15 7 4886
27561 16 12 6547
27782 18 1 3256
28354 4 8 3640
28388 17 3 6278
28960 8 4 5183
29078 5 10 8698
29153 4 11 8400
29328 19 17 4108
29465 7 19 7311
29537 6 11 1127
29937 17 16 5630
30224 14 16 2209
30399 5 8 4974
30784 14 4 4885
30871 1 12 3378
31059 11 4 7310
31492 14 17 2128
31685 9 4 6548
27964 8 17 8409
28301 6 5 925
28414 3 4 6734
28497 7 15 8865
28868 5 14 5564
29277 8 0 4185
29448 14 1 6498
29500 18 6 6584
29794 15 12 2784
30335 6 2 5620
30619 4 6 9514
31166 0 11 7647
31244 13 15 9329
31330 8 19 4483
31754 19 5 9873
32261 12 14 3906
32710 10 16 5014
32784 5 6 4256
33351 7 14 8860
33658 11 2 5920
28329 9 19 3926
28702 1 5 1332
28728 16 19 3006
29279 15 6 3793
29664 13 10 6564
29861 19 7 9562
30400 9 10 3319
30501 4 13 3740
30816 5 16 7843
31275 11 19 8615
31484 2 5 8158
31710 10 12 2148
32018 0 16 1766
32492 17 0 5374
32765 7 1 9531
33355 10 5 6978
33927 3 10 6235
33994 11 16 9667
34137 6 0 7481
34684 18 13 5401
29044 11 14 3803
29410 0 3 193
29523 1 2 938
30001 13 8 8612
30497 16 19 3150
31069 1 12 120
31290 8 19 3289
31413 9 0 414
31705 19 18 5821
32054 15 10 2697
32481 0 17 1728
32524 17 5 3500
32822 1 5 1883
32988 17 2 2286
33365 11 5 2554
33619 14 8 5748
34023 11 7 4226
34533 6 17 1370
34882 4 10 4058
35086 8 15 4875
29418 3 9 1829
29854 8 2 1047
29954 3 16 3002
30337 13 0 5465
30771 4 7 5804
31249 14 5 8303
31458 6 5 6615
31620 18 2 3858
32017 13 1 5456
32541 13 9 5048
32779 8 0 2193
33265 19 10 5883
33515 9 13 665
33612 14 3 6923
33961 19 12 1631
33973 7 14 5086
34230 5 9 1870
34358 9 2 5593
34557 19 16 1984
34738 9 0 466
30250 4 5 6091
30713 5 6 2772
31125 7 10 9422
31250 19 6 4064
31525 10 18 5208
32007 5 10 5017
32499 5 6 8042
32785 10 17 9270
32794 16 18 3168
33186 8 4 7489
33667 12 13 9943
33791 7 18 5942
33903 15 14 6750
34473 8 15 442
34788 0 13 7448
35365 5 15 7381
35853 19 0 3572
36288 15 16 656
36887 0 15 2012
37430 3 10 6597
31054 9 14 5185
31157 4 5 8873
31308 5 7 7057
31890 8 1 4152
32314 2 3 7126
32378 2 18 8698
32413 5 2 6890
32823 14 10 7864
32901 18 17 7632
33110 18 11 2729
33495 10 19 543
34019 0 17 9453
34604 16 10 2261
34790 6 0 7768
35264 13 6 2915
35516 19 3 5413
35575 0 13 8408
35785 19 3 1513
36234 11 14 8139
36773 18 11 5328
31495 15 7 9451
32078 17 5 2692
32109 8 11 9816
32352 0 10 6438
32736 17 12 2791
32934 12 16 6449
33100 9 2 1625
33569 14 19 6896
33667 15 18 9265
34122 12 1 3472
34557 2 10 4260
34900 17 19 1938
35396 1 10 5953
35462 2 4 4080
35718 19 5 7798
35752 13 16 4931
36070 0 19 3280
36182 14 4 4445
36404 7 3 5825
36465 4 10 6986
32147 14 12 9947
32623 11 0 5981
32680 6 11 5882
32691 1 14 6987
33210 17 18 9068
33591 16 14 2919
33722 17 7 8271
34282 8 13 4446
34839 13 8 824
35348 14 18 264
35489 17 2 9160
35558 7 10 5478
35805 19 18 8139
35979 16 15 4715
36257 2 12 3943
36732 19 4 6259
37166 3 17 6870
37470 4 16 7043
37781 7 12 4600
38072 2 10 3559
32741 18 19 844
33338 1 8 3961
33775 1 12 3654
33842 14 2 7190
34212 12 15 6172
34792 13 10 2056
35248 6 10 7132
35676 10 8 1725
35920 8 7 8696
36508 3 10 1776
37049 13 18 5921
37453 4 0 6846
37547 6 5 1865
38141 9 18 9483
38482 11 1 3982
38809 16 10 8515
38861 6 18 1177
39254 5 3 4419
39765 11 19 1168
40118 15 12 5354
33281 7 3 98
33550 12 16 5658
34041 4 7 6778
34213 7 18 8287
34562 2 8 530
34984 0 3 3536
35389 7 18 59
35864 0 17 9483
36326 2 7 9989
36862 17 4 9671
36941 2 17 1393
37501 1 5 6790
37725 3 12 8726
38002 19 5 8816
38174 12 9 908
38197 9 15 9443
38510 11 5 7236
39073 4 15 2296
39565 19 6 2663
39669 3 2 5873
33766 8 14 8489
34022 9 17 3291
34430 12 5 7741
34907 1 4 6293
35301 18 11 2533
35585 9 19 7143
35903 14 16 7577
36501 16 6 6529
36721 8 17 4313
37176 6 4 6850
37541 17 6 2458
38029 11 6 6153
38272 19 11 4211
38751 3 19 9989
39027 14 3 249
39488 7 12 8882
39828 15 5 1115
40414 11 12 177
40550 19 4 1606
40786 3 19 8319
34604 3 7 258
35066 17 19 4858
35345 10 8 4669
35426 12 17 8324
35814 9 6 7011
36044 14 3 334
36130 0 11 6374
36300 8 6 6164
36825 6 2 8377
37272 0 3 9625
37599 16 5 7018
37993 3 8 2624
38459 11 16 8736
38741 2 14 764
39325 12 15 6055
39872 15 4 1594
40030 1 15 2417
40193 3 17 1206
40245 2 10 2
40371 5 15 7761
35109 4 11 451
35430 12 19 6685
35724 7 4 7127
36175 16 19 7026
36608 10 3 6836
36838 15 12 9536
37019 6 11 8463
37284 3 0 3960
37456 14 17 8988
37472 6 5 2804
38021 19 16 950
38238 5 8 1382
38357 4 9 8717
38513 18 6 942
38824 2 14 6199
39370 16 5 6200
39891 3 11 5046
40298 18 14 9158
40862 11 15 8707
41182 5 17 8169
35905 3 17 1213
36001 18 6 9215
36289 5 8 730
36738 10 8 8799
36984 3 17 9719
37396 19 1 6613
37829 18 4 1059
38125 17 7 3203
38718 9 11 2712
38829 11 4 9866
39112 6 3 2551
39246 7 15 6551
39718 10 3 8955
40155 9 2 362
40619 2 10 2016
41016 10 4 8225
41109 0 17 9290
41706 5 4 3842
42000 6 2 1479
42324 14 7 2726
36249 5 6 5383
36810 14 15 3614
37221 6 10 9178
37537 3 10 7891
37609 5 7 9971
38193 17 19 5793
38499 15 0 5881
38526 6 12 7532
38855 4 13 1182
39404 18 13 657
39658 14 8 2627
39659 16 8 1025
40035 16 7 5487
40488 2 5 3234
40537 11 8 2727
40640 7 3 919
40954 13 16 5013
41342 14 10 7815
41551 18 7 2885
41721 7 12 475
37159 4 5 6046
37555 4 17 9071
37965 5 7 7965
38464 0 13 645
38608 9 5 1413
38898 12 2 5440
39023 10 18 6738
39287 3 5 319
39292 0 11 4615
39539 17 18 6699
40013 10 19 103
40422 8 13 2128
40483 15 5 7488
40801 12 2 780
41215 12 0 820
41615 2 3 5651
41763 3 2 1391
41988 4 1 1331
42057 7 8 4282
42238 5 12 3882
37242 14 15 2873
37418 5 3 7719
37801 11 8 589
38161 17 4 7327
38733 18 10 2049
38785 14 7 7173
38867 1 3 3498
39054 19 18 8698
39153 16 15 4461
39260 5 18 1817
39465 9 15 6234
39697 8 9 3848
40149 14 10 9426
40478 14 0 9850
40836 12 15 3314
41053 8 17 2603
41282 7 2 5483
41473 16 13 8706
42037 0 14 8007
42347 3 0 6779
38358 0 18 3007
38921 0 10 8636
39496 4 19 244
39968 3 5 5203
40296 14 8 4738
40837 11 14 5921
41074 10 17 6394
41373 8 2 2592
41650 10 13 6405
41710 13 9 5003
42162 0 1 7161
42467 14 19 7692
42660 0 3 1714
43205 15 4 7198
43680 8 13 3822
43705 3 19 3413
43937 18 11 5751
44099 6 14 6595
44159 16 19 1946
44565 18 17 3228
38879 7 11 9445
39028 19 18 5719
39327 5 4 3737
39396 3 14 2227
39939 10 16 8477
40046 9 7 8906
40428 13 5 4975
40947 15 7 3791
41200 3 9 8410
41747 8 0 3955
42077 13 8 663
42477 4 7 5210
42953 14 1 9867
43025 4 10 8328
43504 5 2 2240
43744 14 10 9928
44233 1 8 486
44322 12 18 1946
44555 4 10 5501
45040 16 7 2219
39517 16 14 3200
39833 6 11 5984
40306 10 12 8527
40565 16 3 4430
40594 17 16 4211
40696 9 3 7109
40941 5 9 4342
41183 5 16 573
41563 2 10 5681
41612 10 14 3353
41706 7 5 8245
42259 4 17 8821
42557 11 8 5331
42962 0 10 2650
43235 6 10 7257
43643 18 1 7040
44100 13 18 9671
44400 16 2 7687
44512 1 4 7860
44560 16 14 7458
39990 7 16 7075
40279 8 9 5894
40307 4 6 7057
40616 19 8 3140
40983 8 0 9577
41537 15 9 8932
41685 0 19 3906
42229 12 19 5813
42375 12 5 3850
42439 11 4 7597
43016 15 6 2458
43584 0 16 4976
44116 12 16 8996
44169 11 4 9013
44393 17 7 1586
44886 19 10 4216
45244 0 17 4512
45270 10 9 5661
45829 18 12 6336
46379 6 16 9787
40555 16 13 8629
40638 6 5 2803
40823 11 5 1666
41118 3 16 248
41711 15 19 8387
41724 7 11 6213
42044 18 9 8703
42306 13 19 1623
42510 6 10 7353
42513 2 14 3858
42884 8 19 1241
43392 4 9 97
43671 0 16 8425
44093 11 6 4099
44144 10 12 2518
44568 6 7 7834
44805 0 4 1329
44990 18 15 8437
45165 16 11 6005
45692 6 12 2880
41339 14 9 8347
41748 4 8 5445
42130 3 7 9554
42560 8 13 3390
42738 4 17 608
42915 18 5 1651
43490 18 7 4368
43562 14 6 2789
43981 11 6 5105
44117 9 4 5275
44216 13 10 8897
44404 13 12 3255
44953 0 11 6435
45025 18 6 3276
45481 13 19 8691
46049 14 11 5497
46233 11 15 4313
46344 19 7 1582
46810 7 9 3522
47342 17 15 6280
41764 1 9 5708
41764 8 16 9500
42180 4 10 3709
42744 19 15 4601
42768 19 14 3689
43154 6 11 7615
43281 18 3 4908
43613 5 8 3385
43863 14 3 2023
43875 10 11 8417
44363 13 10 1487
44367 6 3 8391
44682 11 17 6517
44981 2 1 6839
45298 2 17 4322
45499 10 8 3671
45717 16 0 9292
46114 7 18 1400
46559 14 7 8433
46846 5 17 9477
42496 9 5 4125
42840 5 9 3796
43056 12 13 1679
43622 12 5 6873
43894 16 13 3175
44321 6 8 6164
44860 16 19 2852
44906 1 16 6165
45225 6 5 9351
45742 16 9 3387
45870 19 16 9674
46039 4 0 2286
46317 11 8 7085
46871 2 3 7617
46871 0 3 9799
47199 13 10 7385
47471 8 14 5055
47712 16 9 5883
47792 6 5 94
48300 14 0 1890
43044 0 2 3179
43424 17 19 9968
43962 13 5 5923
44543 19 11 2358
45136 16 5 6833
45469 4 9 5630
45855 14 4 7653
46274 13 18 7247
46313 7 4 1451
46659 13 0 3361
46867 11 13 2555
46936 13 10 6159
47434 16 19 1195
47737 8 2 680
47903 4 8 6187
48459 2 7 4702
49019 4 18 4283
49546 12 17 8343
49841 12 16 6692
50425 19 14 5057
43355 4 7 1132
43834 5 17 4741
44411 17 1 1567
44874 8 13 4495
45399 2 17 8236
45561 12 15 4746
45886 0 16 7607
46007 14 16 9356
46401 13 2 2143
46424 12 10 5597
46705 9 13 1289
46734 0 8 6025
47060 1 5 7830
47447 14 18 7285
47898 8 12 8320
48259 12 4 3377
48453 8 13 3194
48964 16 2 7713
49236 10 18 3133
49271 0 3 9695
44393 2 5 7349
44530 15 10 6993
44534 10 7 8037
44639 1 7 504
44675 4 5 8080
44761 4 0 7355
44875 8 5 7414
45058 17 13 2697
45423 3 16 6349
45912 0 11 187
46188 9 7 6037
46528 10 4 75
46920 14 12 2710
46991 17 3 9596
47157 2 8 3269
47465 4 18 4833
47741 11 9 6034
47865 6 7 2045
48038 6 19 8363
48166 19 12 8055
44780 13 11 5272
45206 19 10 8707
45356 3 18 3444
45455 9 14 6692
45940 11 10 4961
46532 0 17 9283
46884 4 12 8522
46970 0 17 4333
46985 0 9 1222
47514 13 8 2445
47760 5 14 1868
48119 18 14 215
48666 6 9 6794
48911 2 6 2173
48924 6 7 7331
48995 15 5 1468
49093 8 10 6752
49532 4 19 526
49992 6 11 9404
50322 17 18 5059
45305 10 5 9883
45329 4 15 1374
45822 2 19 2464
46074 4 5 8948
46581 12 7 6650
46712 6 4 5555
47193 6 19 79
47688 17 3 7036
48230 0 3 770
48381 4 19 5824
48902 15 9 8478
49250 18 15 7787
49648 13 2 2164
50141 8 4 581
50552 17 0 4564
50563 11 4 1853
50823 16 17 7000
51125 10 6 210
51420 5 1 3614
51565 13 15 2355
46143 4 17 2733
46586 15 7 557
46739 8 1 1050
46950 14 19 9076
47510 15 8 9156
47743 0 3 4016
48005 6 3 6178
48139 19 2 6643
48280 0 3 9513
48681 12 11 4165
49209 14 1 9568
49347 0 2 9912
49590 9 18 2399
49754 8 12 5775
49951 8 18 923
49969 7 4 5536
50374 16 0 2551
50425 7 17 7184
50745 18 1 1801
51312 14 4 6977
46679 9 7 7526
47057 9 15 8897
47581 15 12 9532
48090 8 17 1858
48328 10 11 2405
48654 14 10 3927
48842 18 2 8588
49346 11 3 411
49736 0 9 4675
49792 11 1 7696
49945 12 0 9155
50317 17 18 8902
50848 15 9 8108
51376 7 15 8156
51798 11 0 1881
52018 1 15 5483
52305 16 13 4101
52380 7 5 163
52957 2 0 982
53148 3 9 8876
47224 4 11 4414
47732 2 6 8023
48050 13 4 4691
48186 11 3 7670
48419 17 16 1084
48557 12 4 1156
48708 12 7 7842
49189 8 18 8467
49378 6 13 6784
49794 7 10 5633
50022 4 3 470
50216 14 13 5451
50423 13 2 1442
51016 18 5 9172
51229 3 11 6092
51794 14 1 6983
51857 0 9 4804
52381 7 12 9233
52903 15 6 3289
53276 0 2 8836
47745 9 1 1700
48230 9 1 2945
48397 11 17 8130
48616 18 8 163
49166 10 18 9488
49452 6 14 6593
49627 9 1 1897
49664 6 18 4952
49699 3 16 8363
50146 18 3 1673
50556 7 10 5560
51141 2 17 7224
51463 11 5 6735
51841 4 16 9082
51878 13 10 3841
52173 4 12 4792
52295 5 10 8814
52332 4 9 634
52727 3 10 5550
52969 8 1 5840
48126 7 14 1146
48621 8 12 1310
49049 6 9 3547
49234 5 4 7399
49603 13 16 2466
49717 19 0 7853
50085 18 15 9799
50346 11 7 7693
50739 14 0 412
50959 7 9 9625
51364 8 17 394
51608 9 3 4106
52143 14 18 7248
52302 14 10 8500
52437 18 1 9493
52581 7 6 8925
53027 14 4 5342
53504 0 2 1178
53611 5 14 1031
53707 6 8 2368
48909 5 13 7889
49450 16 18 2408
49576 19 17 1402
49676 19 0 2740
50152 2 18 1940
50397 7 13 767
50488 17 6 8695
50863 2 12 2580
51320 15 8 2979
51679 15 5 8247
52279 18 13 1014
52352 19 13 6248
52725 6 10 7572
52786 10 16 7023
52850 3 19 6041
53251 16 18 1274
53696 15 8 2533
54056 17 10 8764
54469 8 9 1647
54826 0 4 4298
49230 3 7 3459
49597 19 12 2405
49788 3 0 5111
50339 14 11 8646
50828 5 12 3527
51160 14 9 228
51573 6 14 1966
51677 1 7 2676
52195 1 12 147
52432 12 19 2541
52787 5 12 7859
53135 7 14 9418
53466 10 16 5009
53986 19 1 3964
54029 7 3 6659
54134 19 18 3817
54608 17 1 3066
55118 17 2 2280
55185 18 15 1152
55598 7 14 7366
50231 6 10 4546
50736 18 3 3165
51017 17 0 5204
51252 5 9 8282
51344 9 4 4301
51589 16 6 7770
51617 15 4 8989
51873 8 7 9525
52076 9 6 8115
52317 15 7 2645
52491 16 13 976
52572 15 16 4097
53019 8 0 4842
53161 11 9 4498
53320 8 4 7041
53776 4 16 3893
54267 7 3 4998
54427 6 18 337
54428 14 3 219
54565 17 16 6288
50950 2 1 7780
51357 8 2 9761
51534 19 8 5974
51951 9 2 8679
52534 9 11 8130
52884 4 19 2281
53270 12 17 2466
53645 7 19 8667
53767 19 17 1653
54220 11 0 6294
54314 2 16 2174
54448 8 17 9414
54816 0 4 5399
54950 0 5 212
55108 19 1 9145
55572 8 17 681
55700 14 15 1274
55711 10 17 7610
56030 19 15 8345
56038 10 4 3161
51325 0 8 6498
51562 12 18 7784
51628 10 18 3299
51977 1 12 5617
52384 2 19 163
52512 17 10 6740
52590 16 3 275
53157 19 7 2709
53461 6 11 6545
53979 17 15 1111
54407 4 9 4110
54508 1 12 3725
54993 5 13 670
55344 7 1 2638
55432 19 18 7869
55513 1 18 4454
56033 0 10 6184
56223 1 9 809
56363 9 3 9352
56564 13 9 1405
52040 5 15 6964
52601 18 15 6050
52868 4 2 9432
53007 17 12 8904
53019 11 10 1635
53095 0 6 494
53435 6 17 6844
54000 17 18 3915
54105 2 0 5654
54423 4 0 8911
54697 19 1 3556
55006 18 0 8121
55558 0 15 9629
55802 12 10 2572
56060 4 17 7115
56593 8 2 4451
56663 14 17 2239
56836 11 15 704
57293 12 17 154
57387 9 17 1009
52620 19 5 8583
52846 18 0 4302
53383 3 18 9608
53663 9 1 4345
53926 14 5 4548
53929 3 9 3904
54357 14 2 3929
54682 7 13 6472
54999 19 18 9477
55343 4 2 7061
55364 10 7 8642
55780 4 1 219
56261 16 6 1588
56509 8 19 6066
56557 9 4 7423
57063 19 12 8572
57425 7 17 8636
57521 7 19 4481
57559 7 11 9140
57961 14 3 1511
53351 6 0 7575
53508 17 11 5559
53773 19 10 9047
53833 14 13 7454
54080 16 13 2716
54399 0 11 5224
54683 13 10 9648
54858 16 4 6618
55372 15 0 4046
55390 16 11 4816
55506 8 5 6719
56014 0 11 8286
56244 4 6 1744
56790 1 2 1797
57338 10 1 6320
57654 4 13 5931
58113 14 19 9381
58507 1 12 1813
58638 8 1 6396
59092 11 2 1041
53916 15 6 181
54058 2 11 6018
54599 5 4 4851
54908 11 9 1848
55396 0 10 5070
55977 14 3 2286
56240 2 12 834
56371 17 5 4153
56562 9 15 8977
56754 9 2 1650
57252 17 19 190
57672 18 6 5640
57766 14 1 6413
58040 17 4 5169
58310 9 10 136
58400 4 19 3240
58966 10 17 3791
59051 1 7 534
59381 12 2 6517
59668 2 14 1689
54308 10 7 256
54808 19 4 1789
54956 1 11 307
55116 1 19 6021
55196 15 7 2285
55651 18 13 5525
55674 19 1 1129
55816 3 16 3506
55969 16 5 4194
56419 17 5 5114
56596 9 16 2151
56758 8 13 1079
56901 7 5 8569
57143 1 15 7501
57328 0 6 7323
57763 6 2 5862
58153 18 10 2792
58536 15 13 5662
58900 17 0 9732
59430 4 9 2277
55026 15 19 1900
55424 5 12 7814
55474 7 11 1774
55872 12 5 7680
56211 2 18 2348
56384 11 7 1471
56636 16 2 3807
56878 11 2 6013
57296 1 11 6793
57677 15 7 4149
57873 17 18 6970
57891 8 5 5721
58301 3 1 4742
58420 5 8 5469
58893 6 10 8529
59411 13 1 2995
59609 17 4 8192
59742 8 5 9038
60168 13 3 3382
60274 3 17 1301
55392 3 8 8412
55604 10 6 8855
56180 7 2 2139
56472 10 19 7925
56942 4 10 9752
56977 16 3 3403
57353 16 13 424
57614 18 16 4403
57643 7 0 667
58163 18 8 7004
58224 16 7 5509
58358 13 5 897
58424 12 7 7400
58570 14 12 3191
59009 9 1 4832
59392 10 0 3114
59967 4 18 5781
60110 19 9 6046
60362 16 14 9779
60560 2 16 8770
56063 9 7 5534
56230 16 13 8694
56381 16 0 2377
56862 3 18 1010
57406 6 9 4276
57700 18 15 2903
57742 7 13 7237
58269 5 17 4758
58366 14 1 2262
58507 4 1 7735
58881 7 15 1133
58915 4 16 9276
59060 18 5 6454
59134 18 14 9075
59569 3 10 5465
59739 10 0 6457
60282 8 13 1482
60557 12 0 6147
60851 10 4 3552
61281 8 3 7157
56422 4 16 2312
56525 18 0 8089
56981 0 10 7544
57282 13 7 7664
57512 0 9 4633
57661 14 10 8683
58170 3 18 6977
58242 12 11 8684
58461 12 3 6464
58491 10 19 1973
58988 17 3 965
59227 5 17 1760
59237 1 17 7388
59381 19 4 7613
59657 6 7 6912
59743 17 18 1531
60281 10 5 2750
60324 8 7 6245
60876 3 11 1507
61391 16 14 5045
57337 7 11 2056
57538 7 6 7815
57647 7 12 4228
58053 19 7 1914
58249 9 12 5084
58297 3 7 6739
58727 17 1 4638
58766 4 5 9579
58964 3 16 8743
59416 8 7 6181
59955 15 0 2505
60286 8 2 363
60753 16 6 2797
61120 8 18 8270
61712 13 17 7431
61925 17 2 8782
62441 1 8 1972
62556 10 0 8267
62655 18 9 2634
62840 1 17 6567
57669 14 18 7694
57978 7 8 7737
58500 19 16 1290
58907 11 5 4645
59336 19 8 4815
59928 6 7 4569
60300 8 0 9697
60894 18 7 933
60987 5 16 374
61235 4 5 671
61239 0 7 2218
61493 17 15 2908
61913 11 14 3145
62499 18 4 9698
62629 11 16 4040
62773 4 6 9420
62944 1 3 6720
62992 2 7 8430
63455 17 10 7622
64040 8 3 4460
58596 8 15 9889
58800 11 14 7105
59280 3 7 2332
59368 1 5 6669
59844 13 5 390
60205 3 1 7606
60382 1 4 8808
60899 5 18 7649
61382 6 7 8577
61610 19 12 7044
62033 17 18 7114
62142 8 4 3657
62495 8 5 4047
62778 8 17 5480
62966 5 15 9831
63176 16 12 8175
63306 0 1 5086
63481 0 6 6715
63983 12 15 5028
64116 18 7 6377
59345 12 6 9448
59848 11 19 1167
59876 1 16 9410
60386 0 19 8568
60789 10 2 7769
61253 9 7 804
61318 13 12 899
61570 8 4 860
61856 17 6 1690
62012 6 1 2420
62054 11 13 4099
62104 4 3 4347
62145 15 12 6295
62515 13 9 840
62755 9 16 5356
62951 5 16 4634
63233 10 13 7581
63707 11 15 9825
63815 9 13 2121
64245 9 14 9214
59948 9 12 622
60249 1 11 9886
60732 14 9 9786
61050 13 9 6001
61108 8 4 4678
61192 3 16 5690
61348 19 5 9915
61756 15 7 7274
62128 5 13 5015
62443 8 15 3835
63007 10 18 9255
63394 18 3 3422
63841 15 10 3528
63930 17 16 3526
64485 6 3 2931
64859 16 7 4040
65113 14 3 1235
65308 4 16 8098
65683 18 15 1068
66197 2 14 962
60555 8 19 4728
60834 19 14 2547
60912 16 15 5940
61285 3 0 9754
61376 2 15 6102
61836 10 16 2251
61890 9 11 7083
62030 11 12 334
62383 9 8 175
62606 0 3 7141
63139 7 4 2181
63249 4 17 5373
63383 6 0 1292
63455 2 12 6341
63957 13 1 4171
64254 2 5 2078
64578 9 1 5944
64720 9 10 7532
65160 6 11 6292
65513 0 7 4650
61138 17 12 8733
61167 1 9 7738
61247 7 10 4544
61336 12 5 8451
61357 18 11 5506
61375 2 5 7355
61516 11 18 4088
61692 5 12 748
62176 1 17 6673
62536 1 5 9235
62915 15 13 2794
63040 6 9 9486
63411 3 18 1659
63792 13 14 9009
64012 9 2 6967
64385 6 1 8439
64419 15 5 7587
64863 14 0 5031
65299 15 1 4934
65511 12 7 7872
61399 17 8 5990
61523 13 14 2843
61999 8 14 9677
62353 8 12 8840
62425 13 1 3768
62926 4 15 2329
63389 18 14 3297
63519 12 6 7257
63847 17 9 8320
63999 0 14 8692
64217 13 1 2352
64300 17 8 256
64356 11 18 8315
64700 19 14 2841
64775 7 19 4686
65313 0 5 1759
65799 5 0 6429
66330 9 10 4064
66454 16 0 4804
66925 10 19 1461
62079 15 6 3530
62675 0 17 4228
63238 12 9 7777
63768 19 8 4275
64247 9 5 4543
64809 4 19 9927
64930 6 17 6926
65350 1 5 3135
65530 13 14 8258
65654 2 4 8099
66156 13 18 2473
66678 9 11 3522
67175 0 2 3515
67199 2 12 9697
67732 5 15 858
68296 0 13 9697
68834 16 2 2628
69062 11 5 6160
69158 7 9 6665
69207 4 7 4907
62448 11 7 1660
62665 3 16 1244
62768 10 8 2982
62935 10 12 7792
63092 6 12 1071
63208 6 4 3256
63738 8 16 8591
64069 18 16 1662
64154 0 16 1064
64504 18 6 3817
64647 18 10 774
64921 12 9 175
64932 5 12 6708
65083 11 3 1523
65371 7 18 8112
65714 7 14 458
66018 4 15 6326
66434 17 15 6335
66960 18 10 7224
67219 3 10 3845
63261 3 15 8593
63613 12 15 5842
63927 11 12 5702
64264 6 9 5872
64443 11 1 2457
64989 9 15 937
65445 13 8 3122
65622 9 1 1605
66067 2 9 6457
66421 2 1 3410
66506 4 10 7778
67077 16 14 7662
67675 19 16 2365
68211 7 2 8689
68485 13 19 260
69064 19 16 1967
69360 12 19 8473
69567 12 7 5959
69576 3 12 1371
70068 9 19 4210
63846 4 17 8081
63984 7 15 7764
64117 19 6 9382
64165 14 17 6380
64346 16 4 6914
64763 2 18 5954
65240 7 15 1866
65490 0 2 632
65984 7 12 8313
66143 14 5 9229
66324 13 2 2418
66333 15 0 7377
66351 12 1 6159
66449 7 14 5629
66737 6 9 8357
66875 16 4 7586
66941 17 10 8262
67345 13 8 2224
67782 10 19 9103
68127 9 0 7324
64782 9 4 9593
65234 16 13 4366
65803 0 6 6891
66282 13 4 7670
66741 15 12 9878
66981 5 9 105
67052 13 6 8998
67298 7 1 523
67833 14 7 7745
68151 13 4 1649
68652 4 11 2977
69176 3 1 8149
69686 16 10 7295
70076 0 3 1148
70367 11 7 7998
70479 17 9 1661
70830 19 9 1204
71087 19 17 6510
71178 17 11 4123
71462 13 11 9206
65280 9 11 7605
65756 18 8 8106
65820 11 17 4573
65977 3 11 232
66346 6 13 5794
66716 8 16 7151
67213 14 2 2034
67442 10 19 8670
67665 14 3 318
67757 19 4 2164
67887 13 1 3614
68293 11 4 326
68883 8 9 2255
69136 15 19 372
69430 10 1 5400
69849 0 6 6235
70243 7 15 7799
70485 12 15 9511
70683 16 6 8936
71116 10 4 3764
65983 13 7 2988
66319 17 0 8427
66689 17 6 4566
67210 13 18 6592
67289 19 3 5195
67838 2 7 9156
68259 4 12 8734
68563 8 17 8699
68857 16 9 83
69390 8 17 3169
69983 5 7 6580
70572 10 5 5990
70642 8 10 3330
70858 9 13 1114
71037 7 8 553
71117 5 0 1462
71455 5 1 2647
71630 16 6 5488
71818 4 12 7141
71914 2 13 6939
66113 13 18 6454
66709 13 18 4452
66925 17 7 7731
67303 7 15 7383
67882 8 19 9281
68412 3 4 2518
68624 14 6 6138
68813 7 16 7860
69078 10 19 1160
69666 17 5 9142
69699 2 12 5369
69820 0 15 8514
69920 18 13 379
70345 9 11 3373
70480 3 17 6184
70616 6 7 1533
71163 3 15 7261
71431 9 14 3852
71706 14 1 9390
71799 3 13 8797
67123 17 13 9678
67433 7 10 3297
67757 13 16 5785
68133 8 7 7685
68197 3 0 5323
68601 5 11 5435
68699 17 6 2283
68932 0 15 652
69273 11 15 7531
69739 7 14 6144
70288 0 15 3247
70708 5 17 8553
71302 2 3 3505
71386 3 6 253
71462 18 10 9395
71930 2 12 4585
71985 1 15 3218
72059 8 2 1450
72404 1 6 3366
72763 8 13 8849
67607 19 3 1363
67742 16 17 605
67750 13 12 4332
67992 6 0 1670
68408 10 18 1744
68989 9 15 4276
69120 9 16 6833
69642 9 6 3180
70231 2 8 4537
70674 7 6 5951
70919 17 18 8330
71356 5 19 9314
71614 11 6 73
72015 9 12 1729
72025 0 2 9380
72194 6 2 7524
72445 3 16 1339
72772 18 4 4960
73320 2 8 3997
73418 9 7 2476
67987 18 14 3885
68093 11 3 9667
68214 17 4 8290
68612 2 18 5629
69093 9 7 8862
69190 17 3 7128
69782 10 8 267
70277 12 17 2990
70606 2 5 5148
70827 9 4 9828
71287 14 19 8174
71635 19 0 7615
71638 11 3 4805
71703 9 12 7333
71878 18 2 4419
72075 0 16 8225
72179 16 19 8241
72763 18 11 6397
73242 10 15 6035
73644 5 8 7655
68660 11 5 1457
69215 12 4 124
69286 13 6 8038
69344 13 4 4689
69891 11 4 6258
70073 16 19 9893
70213 15 0 992
70302 18 2 62
70652 9 15 5542
70867 1 0 7623
71068 18 8 6235
71104 6 17 5381
71657 5 11 279
71870 9 7 4319
72220 1 16 5995
72711 14 5 1533
73195 1 5 3836
73447 8 7 4267
73449 11 3 8331
73932 7 0 2581
69037 0 11 4107
69161 16 10 5268
69451 2 18 8734
69515 14 18 9956
69580 2 9 3670
70173 2 18 3192
70294 18 7 5641
70664 6 7 5534
70735 17 18 6576
70876 5 14 740
71017 2 14 1901
71551 4 7 3190
71769 3 7 7945
72338 3 10 7063
72365 17 16 588
72619 5 8 4771
73087 1 16 7471
73474 17 18 3064
73750 10 14 2203
74073 2 0 7203
69876 1 2 1710
70294 12 6 4115
70874 19 4 3233
71389 13 10 7415
71507 2 19 2082
71667 9 4 6473
71948 7 11 5943
72003 14 9 6751
72431 15 18 646
72658 19 13 4076
72996 17 18 6858
73591 17 0 5711
73801 17 18 2393
74143 17 16 471
74144 17 16 5949
74281 0 14 699
74848 4 10 7900
75160 8 5 3034
75577 17 8 4792
75772 7 15 3511
70522 7 2 5263
70920 15 4 8582
71440 0 15 3306
71868 4 11 1313
72064 2 4 6914
72147 13 10 9416
72504 6 19 2647
72591 4 14 4573
72845 18 11 1764
72873 9 0 9791
73317 19 10 8037
73782 11 13 4706
73813 4 15 6009
74131 13 0 281
74521 17 1 448
75012 16 10 5426
75219 5 4 1190
75663 7 11 1723
75726 2 11 3320
75753 1 17 4183
71294 14 6 2564
71607 14 3 1927
71874 18 15 6031
71941 12 1 5453
72294 15 13 8208
72824 5 14 4650
72879 1 10 1050
73165 17 19 3286
73373 4 13 9689
73593 3 9 6565
73932 14 18 7222
74425 6 12 1978
74934 11 14 7090
75034 11 13 2298
75198 6 8 8427
75762 2 3 2697
76154 19 1 1812
76282 5 11 8248
76410 17 3 1544
76588 13 19 4099
71849 9 18 4042
71899 14 13 535
72359 0 12 2162
72424 4 18 513
72926 17 4 998
73176 9 11 6925
73621 9 4 1794
74158 0 2 6016
74331 6 7 9953
74557 13 4 2738
74726 3 6 6904
74860 8 3 2701
75112 16 2 973
75351 11 5 8694
75656 18 4 5037
76237 10 0 6713
76773 0 16 2629
77290 1 4 9726
77323 5 6 7658
77358 9 16 9053
72592 0 5 4876
72621 15 4 7176
73038 9 8 6905
73335 3 4 7861
73663 0 7 6364
73939 14 7 6561
74012 8 11 3641
74137 6 10 8111
74332 16 17 8083
74491 11 16 9014
74731 11 7 2581
75260 13 16 8268
75788 10 11 2802
76019 10 1 8181
76430 16 6 1064
76499 10 5 3150
76685 11 16 9105
76806 19 13 7902
76967 11 2 9681
77539 4 8 3980
72971 9 5 3029
73094 6 3 3007
73313 12 16 7659
73766 2 14 7347
74220 6 15 1282
74236 17 4 8275
74731 14 18 362
74790 6 18 8599
75239 2 8 2293
75633 12 19 6167
75669 18 13 400
76115 0 5 7143
76563 2 0 9869
76838 0 5 6726
77148 16 5 7265
77574 14 18 1629
77603 9 4 2611
78101 9 3 4156
78347 2 12 7989
78936 7 16 4635
73579 4 5 6005
74062 8 14 2084
74647 6 12 8900
75015 13 10 5065
75471 3 2 7434
76006 5 12 1397
76478 11 8 4392
76868 17 15 7645
77102 17 4 67
77659 9 12 3816
77723 4 12 7999
78319 5 1 483
78867 7 6 9168
79008 7 18 8246
79332 7 9 4220
79487 4 13 5304
79895 16 19 9927
79903 18 10 1171
80071 19 2 6375
80112 3 9 1295
74067 1 2 8385
74144 9 7 2391
74546 2 3 9885
75142 10 2 1114
75692 18 3 5979
75772 7 1 3090
76079 0 12 9389
76652 13 11 5172
76719 17 4 8972
76922 8 12 675
77353 13 3 8756
77393 11 12 8473
77399 4 1 2609
77883 8 6 3372
78327 10 11 7272
78382 11 13 8239
78517 16 17 252
78708 17 19 2201
78902 4 8 6205
79393 7 14 505
74856 0 1 1731
75438 16 18 7563
75992 11 16 5623
76565 17 1 8306
76607 18 16 6776
76744 1 2 6313
77223 1 15 26
77666 8 10 6461
77725 10 2 6371
78021 5 15 1882
78420 17 6 1560
78555 16 2 1900
79082 17 1 6940
79417 5 13 9047
79694 4 14 8662
79936 14 3 6496
80305 13 15 5877
80645 12 6 8217
81204 1 17 6531
81359 8 4 4614
75501 5 2 7931
75783 0 6 2098
75985 19 11 1644
76393 6 17 1236
76923 12 16 9790
76993 8 17 5844
77239 12 19 6301
77357 5 4 2742
77361 13 9 5920
77446 2 14 1958
77868 8 9 4505
77972 18 9 2942
78357 16 9 5382
78663 12 1 8010
79159 16 7 6866
79185 9 19 8437
79584 3 15 2426
79743 5 8 5694
79746 9 12 2478
79960 17 10 1627
76096 12 2 6621
76523 19 12 7359
76527 14 2 1041
76991 6 17 692
77486 12 17 7417
77779 10 7 8514
77815 12 1 9185
78141 11 16 848
78287 17 2 2804
78513 3 0 8217
79049 19 9 611
79052 19 13 6085
79100 8 14 4020
79583 11 13 4881
79855 1 18 8743
80319 17 5 1727
80435 13 15 5855
80840 2 1 192
81227 18 9 4385
81587 12 18 673
76210 10 11 3876
76375 8 18 4681
76527 3 9 1307
76546 7 4 5999
76916 2 10 2673
76992 8 19 3958
77462 12 4 8960
77876 11 1 8450
78385 5 1 6522
78755 17 2 39
78846 5 10 1753
79370 10 19 2827
79912 14 6 5679
80432 10 18 5522
80580 0 14 4656
80594 2 12 4441
81006 18 10 797
81027 2 14 6204
81051 0 7 526
81294 15 11 3691
77124 11 17 5997
77460 1 7 1909
77682 13 1 7658
78170 0 1 7982
78387 1 15 2337
78888 17 4 5222
79332 1 4 7124
79776 13 10 4015
80105 12 8 5284
80325 9 7 1612
80781 1 15 7660
81321 14 1 6680
81562 15 14 2031
81619 19 13 5139
82122 12 10 4759
82152 10 7 3803
82652 17 8 3982
82737 5 11 1765
82871 7 6 9905
83382 5 19 6634
77464 16 13 3050
77800 8 0 1746
78262 3 9 8701
78442 7 6 8573
78663 11 1 7527
78713 13 9 6597
79070 11 16 7708
79284 2 13 2053
79447 7 8 9354
79862 3 12 6655
80214 11 4 2560
80281 1 10 8643
80408 10 17 6787
80451 12 18 4495
80767 19 2 7889
81068 5 9 9971
81608 7 1 2024
82016 2 8 1637
82307 6 12 7403
82479 16 11 2284
78062 11 12 5789
78211 16 2 9406
78712 3 14 3708
78980 2 15 8374
79341 18 11 3626
79860 9 17 8994
80275 16 5 5074
80279 6 18 2774
80407 17 2 660
80832 3 19 2724
81155 11 6 8019
81408 13 14 8118
81798 10 11 6706
82141 19 7 3318
82505 8 13 1736
82553 16 12 3919
82778 14 19 1568
82904 11 10 4158
83452 11 1 7249
83611 17 10 9517
79184 8 0 903
79387 0 14 5699
79790 4 16 6044
80139 14 8 1762
80446 11 3 7046
80476 11 4 7913
80707 19 0 4815
81088 13 1 3672
81273 15 8 7429
81621 4 7 6412
81812 6 5 1995
82257 6 4 8596
82757 15 2 2786
83204 4 7 7396
83457 15 1 2491
83681 4 13 4270
83687 7 13 7586
83894 9 5 603
84435 13 2 8803
84464 18 2 311
79470 6 2 3686
79529 14 1 8882
79756 3 4 9684
80045 18 9 5526
80192 6 4 3776
80559 6 18 8588
80747 0 12 9844
81112 13 19 8144
81265 19 7 4663
81486 17 9 6062
82078 9 1 7047
82169 18 6 4042
82661 11 8 6167
82910 2 10 1847
83266 12 6 208
83854 10 1 842
83908 5 9 3670
84503 11 12 6809
85005 8 13 6613
85111 3 17 9742
79848 9 11 6102
79884 4 15 3113
79942 6 9 346
80486 8 9 3103
80839 8 11 6941
81163 5 15 9781
81442 6 4 8027
81614 5 6 6522
81778 7 10 4517
81820 14 19 31
81864 18 3 5433
82075 12 9 4790
82460 10 0 7548
83028 0 7 5057
83160 18 4 2386
83600 1 17 8724
83734 14 15 1129
84116 10 4 6904
84355 6 15 2415
84875 17 12 7022
