44 18 14 6875
223 11 9 1569
371 28 3 3101
615 19 14 1034
1164 0 1 1396
1526 2 27 6474
1984 19 24 4350
2288 6 4 8360
2356 27 3 6548
2710 23 11 1545
3093 26 1 947
3150 6 8 5312
3426 13 0 12
3507 27 18 5125
3507 12 9 2183
3689 29 10 4634
3900 3 14 3562
4040 4 23 5829
4216 0 12 4617
4603 19 3 306
703 3 13 7508
1204 21 8 1067
1491 24 3 7052
1884 25 4 483
2239 17 7 2026
2261 21 11 1032
2332 22 23 4331
2865 18 16 316
2908 5 2 6128
3357 19 20 9961
3754 15 5 8073
4260 29 22 180
4725 13 6 8017
4968 4 7 1268
4992 28 12 4055
5327 29 2 8688
5669 9 13 5054
6261 21 29 9036
6537 16 26 8238
7107 12 4 5953
1642 3 11 6387
1936 6 25 8652
2168 3 12 8514
2169 27 11 6414
2763 22 29 4683
2817 3 15 9072
3213 15 27 2507
3458 16 8 4121
4049 3 1 2598
4523 10 6 1575
4776 23 20 4061
4847 8 16 7771
5256 24 14 1463
5832 8 7 2180
6302 21 8 5876
6329 11 20 1166
6853 29 21 9141
7287 15 4 4234
7502 14 1 7249
7884 6 29 2632
1902 20 28 4027
2124 25 1 8669
2284 29 26 4647
2594 10 21 5712
2757 14 29 9152
3347 11 7 6159
3699 24 4 9866
4009 11 2 6859
4110 23 24 9818
4373 7 9 9013
4651 6 0 6108
4902 18 19 9264
5467 27 25 3961
5856 5 18 7670
6183 0 13 2034
6499 19 13 7116
6894 23 17 9465
7465 24 25 5208
7971 1 11 8688
8537 12 26 9836
2761 5 16 9236
3352 16 20 747
3565 26 17 2651
4103 18 17 2917
4363 21 15 2047
4934 8 9 1250
4948 0 22 8434
5200 3 14 3522
5372 27 13 5318
5473 20 13 6461
5872 8 3 9997
6140 21 11 7850
6590 29 21 1093
7076 14 10 7302
7376 13 5 529
7902 9 25 4847
8031 26 8 6794
8552 16 1 1413
8892 10 13 3371
8967 22 15 5751
3318 6 28 4947
3666 29 5 7476
4193 13 7 5924
4721 13 1 4439
5043 0 26 4331
5614 25 5 3615
5949 23 21 4620
6534 20 23 5675
6971 11 3 4137
7353 24 29 2886
7785 8 20 5336
8227 9 17 3729
8256 10 16 6530
8291 2 3 4350
8435 22 26 2248
8716 1 7 2822
9311 2 14 7783
9533 1 26 714
9773 11 8 778
9890 9 8 470
3716 12 1 4492
3980 28 4 4707
4278 21 6 3771
4732 24 7 860
4769 14 20 8300
5118 29 16 9081
5237 29 7 430
5260 5 4 7875
5287 6 3 2593
5615 18 16 9736
5939 22 26 296
5960 10 21 1517
6406 23 22 8705
6464 27 10 4554
6965 4 7 8495
7514 14 21 5386
7542 12 17 4989
7611 11 27 7738
7868 28 11 5757
7966 16 29 1505
4440 28 16 9732
4667 0 8 8724
4857 28 1 4179
5066 28 27 5984
5149 9 15 5225
5546 10 16 9607
5568 17 2 4815
5827 20 17 7901
6046 10 28 1965
6479 11 16 3962
6762 24 14 2259
7328 27 12 9725
7658 1 11 9992
7901 29 27 633
8415 3 22 1139
8456 25 8 866
8719 5 7 1790
9278 6 7 8179
9666 13 15 630
9907 29 15 8345
5099 16 12 1287
5135 5 6 7441
5641 8 23 5798
6101 18 16 683
6152 14 9 269
6469 10 5 3568
6760 0 27 9315
7139 19 4 4906
7709 16 10 4087
8228 15 28 235
8244 9 4 2298
8840 17 19 2194
9423 24 25 5684
9659 15 2 7362
10225 8 16 2246
10579 1 15 2689
11120 8 27 865
11302 6 14 9479
11865 22 15 9554
11891 1 10 1421
5954 6 28 9778
6041 15 13 5045
6221 28 16 9863
6586 4 2 4118
6747 16 6 905
7291 8 25 4751
7594 5 4 4502
7697 2 0 1094
8265 15 6 5848
8310 18 24 6180
8679 9 3 620
9129 29 25 4010
9349 20 3 9518
9742 13 5 160
10273 0 6 5448
10416 23 13 2838
10834 16 8 207
11009 12 24 1854
11401 1 14 6405
11887 29 27 7238
6495 1 10 9516
6926 4 17 6184
7065 13 25 4390
7575 5 28 9138
8122 6 28 8926
8533 24 17 6221
8982 3 24 7732
9039 16 26 210
9532 11 26 7242
9967 5 0 6606
10234 17 9 5677
10579 7 11 1916
10791 3 11 7430
11098 6 20 4761
11640 15 23 8660
11820 15 16 6718
11830 6 11 1573
12282 20 3 5474
12344 29 6 2678
12418 23 10 9493
6608 29 21 1964
6767 8 13 5415
7240 10 26 7402
7571 3 14 6823
7769 10 14 6380
8184 8 29 5956
8399 14 29 9746
8461 26 28 2461
8755 15 0 5599
9161 28 9 4779
9745 4 7 8239
10319 8 2 5336
10725 0 3 7693
11109 3 26 2626
11615 15 10 3887
11859 5 0 2708
12010 12 1 2562
12235 14 28 4276
12399 27 12 3480
12418 5 29 2405
7235 2 24 9977
7821 6 12 9975
8178 26 24 2124
8212 7 12 1771
8603 22 27 3513
8669 4 22 7782
8751 7 12 9089
9164 28 9 2910
9468 9 12 8658
9577 24 27 6734
9824 25 13 4177
10372 17 27 8481
10378 7 3 2590
10908 8 15 4699
11400 12 14 512
11704 3 6 2250
12099 15 25 5995
12238 26 29 7754
12785 4 13 5025
12828 8 29 5809
7807 17 29 4247
8233 15 16 6949
8332 23 27 1140
8341 12 20 9456
8888 8 1 3574
9147 27 13 2025
9577 1 19 461
9868 26 7 4476
10370 15 27 4193
10754 28 1 5889
10874 23 29 3657
11325 19 2 4532
11923 7 10 2819
12137 1 16 7569
12153 12 28 7262
12517 8 25 5570
12781 17 28 384
13076 23 17 4459
13236 2 10 3741
13688 19 8 2677
8834 15 20 1776
8891 7 2 6026
8965 5 10 1027
9536 26 13 3682
9810 11 22 2860
10341 12 2 215
10703 1 27 7434
11103 28 12 8366
11340 1 17 2113
11399 12 23 3117
11883 11 5 4495
12405 7 2 4697
12648 29 19 6416
12730 7 27 2632
13011 12 5 5907
13528 28 13 962
13887 14 15 2895
14336 8 14 2674
14356 16 17 5462
14735 14 22 6144
9282 17 11 729
9332 28 15 4394
9829 8 14 252
10173 10 12 1246
10478 28 5 3179
10993 17 26 6368
11067 25 15 7742
11651 11 7 9262
12072 27 25 3308
12253 7 18 2716
12764 4 29 6488
12860 14 8 3347
12948 19 5 9686
13414 12 11 4117
13915 19 9 845
14164 23 14 6013
14329 28 14 5240
14357 12 10 1589
14923 15 16 3662
15032 28 18 5657
9631 29 11 8848
10216 3 15 6353
10621 9 22 8463
10725 16 3 7015
11019 20 19 3718
11307 24 18 9651
11842 14 16 8229
11941 26 24 54
12363 17 9 1237
12923 11 16 2539
13036 8 20 3354
13425 7 28 707
13809 28 15 8428
14045 15 3 5776
14463 23 16 6976
14840 28 9 918
14955 9 12 7710
15315 12 14 3746
15402 0 22 7938
15471 26 2 8720
10241 25 22 7027
10690 27 4 6216
11171 29 17 2877
11568 7 13 1279
11850 20 4 6407
12220 14 0 8179
12356 6 2 8264
12684 15 5 7937
13269 9 3 31
13673 10 15 1853
14070 4 14 1432
14516 0 23 6973
14961 16 2 6363
15527 16 2 1475
15914 0 2 7715
16424 18 27 8282
16556 23 25 2562
16976 24 19 6109
17306 22 18 6982
17594 1 5 7096
11187 7 18 8736
11415 15 18 1666
11746 19 1 7010
11920 27 22 580
12110 4 26 2494
12517 11 19 1588
12642 9 18 2208
12808 12 20 1017
12871 9 16 903
13405 1 19 9503
13548 16 6 7296
13763 26 21 2648
14257 23 0 5524
14327 3 23 9125
14503 27 19 7013
15089 8 26 7385
15682 11 21 7962
15731 29 9 1824
16287 2 27 440
16582 1 10 1661
11720 2 16 7479
12077 11 13 4210
12375 2 29 1200
12496 2 11 898
12817 26 12 6412
13243 26 27 7932
13514 21 18 6078
13807 26 22 3009
14390 7 1 2746
14922 8 2 9429
14945 8 2 1316
15089 21 22 4037
15671 10 0 1346
15952 15 19 6210
16074 14 8 5964
16263 11 10 4311
16654 0 19 6932
16740 11 26 8637
17018 0 25 1214
17585 16 9 6888
12579 23 13 5731
12593 9 29 1516
12885 18 7 5131
13098 23 13 6142
13316 14 4 9736
13889 10 22 4289
14259 16 14 2112
14362 8 2 3849
14793 21 26 2755
14954 20 6 3261
15166 24 13 4997
15673 0 29 3147
16196 26 0 138
16512 18 2 1695
17071 28 5 6260
17528 21 24 4167
17780 6 14 8251
18113 24 1 6618
18285 4 3 8407
18400 23 12 4100
12607 3 29 2290
13016 3 13 6473
13119 24 8 168
13161 4 18 7481
13193 14 9 4772
13309 23 1 3903
13538 9 2 6145
13936 26 22 3396
14273 18 2 4850
14397 19 23 972
14782 12 16 2763
15290 13 29 1366
15295 4 17 7726
15798 12 16 679
16369 9 21 6912
16778 8 17 7429
17259 17 23 2189
17392 12 8 2385
17982 22 13 8471
18062 18 6 8862
13338 16 11 4514
13385 4 6 8317
13890 24 6 5340
14128 3 25 8587
14434 29 21 6138
14852 11 5 5769
14978 19 7 4247
15534 19 27 4832
15687 27 4 9230
16116 5 6 3795
16635 8 17 9549
16703 20 3 8239
16862 4 23 6633
17186 2 6 8504
17485 2 5 7960
17996 22 16 9617
18262 12 0 4324
18287 11 14 3234
18293 28 15 1100
18423 29 8 1794
13976 8 24 9699
14115 6 26 4936
14305 8 15 3043
14784 2 12 2842
14951 19 26 5359
15041 18 3 869
15243 11 29 2075
15570 6 29 4888
16008 24 10 7019
16087 20 13 5449
16529 7 9 6174
16734 28 24 1778
16938 0 21 9973
17058 29 12 6100
17165 17 18 7928
17469 15 1 6215
17550 1 8 2891
17986 3 26 704
18281 18 19 8189
18594 21 0 3436
14678 13 11 3232
15126 8 6 1744
15566 13 29 511
16055 6 8 2038
16650 27 0 471
16791 28 14 1513
17130 0 2 7463
17236 15 17 5713
17355 2 25 8747
17627 21 5 2509
18141 27 9 7039
18676 6 25 6655
18901 15 10 2232
19163 2 7 4898
19492 27 16 8947
19868 22 23 7646
19924 7 21 8474
20506 16 15 9048
20598 8 23 3019
20957 4 8 7362
15466 1 26 6816
15492 8 18 6878
15726 14 20 3672
16224 22 25 3452
16465 20 25 8966
16792 24 17 1138
17092 14 10 987
17110 10 22 7735
17138 10 16 5677
17626 13 27 3557
17806 4 17 7567
18185 26 21 7334
18248 3 1 442
18401 12 22 6378
18575 20 12 5963
18713 10 6 8013
18770 9 24 2337
18993 19 0 5905
19482 16 29 1762
19722 13 3 4986
15892 11 1 7057
16482 18 13 6041
16799 5 21 2092
17275 29 7 5758
17331 8 13 2873
17737 20 1 9147
18013 1 18 5310
18538 6 10 585
19048 11 0 1918
19582 25 5 857
20017 2 29 9397
20017 29 6 3458
20534 27 6 7279
20806 19 15 4481
21068 4 20 1635
21394 17 0 4715
21490 29 25 8640
21854 16 7 8629
22157 28 16 9043
22590 0 22 6589
16721 19 24 5810
17288 26 15 8986
17440 13 21 6325
17576 14 21 7288
18037 3 21 4199
18243 26 12 4229
18757 22 29 8810
18991 14 1 5710
19479 25 29 6199
19626 9 17 8256
20063 29 9 8391
20509 6 29 2622
20808 22 24 2648
20964 27 17 1355
21507 5 24 3623
21838 10 3 1295
22123 27 6 1416
22181 24 9 2407
22598 18 28 3567
22669 22 19 2833
16844 26 19 2646
17302 17 4 1492
17601 20 0 7145
18116 12 3 8600
18143 26 1 4197
18445 28 15 9019
18487 26 7 4170
18828 18 22 3171
18841 13 16 906
19200 26 8 4307
19303 26 9 9369
19362 18 9 6842
19832 9 24 868
20074 21 19 8431
20667 10 8 7379
20851 6 17 6191
21437 7 18 988
21610 21 22 7266
21819 3 8 9338
21821 22 27 8701
17758 21 1 1921
17983 13 7 4318
18187 6 8 7225
18672 3 6 9320
18720 18 29 2616
18897 24 28 1275
19031 16 18 2386
19098 26 27 3838
19634 14 26 2994
19696 13 24 4091
19726 28 4 9839
20004 13 22 3015
20538 28 23 9198
20711 11 18 86
20747 29 10 1906
21068 0 16 6825
21123 3 9 8248
21671 12 5 5179
21747 17 21 5931
22229 25 0 2563
18167 9 21 7495
18606 7 3 6026
18933 8 18 2438
19026 8 10 3218
19364 0 24 9783
19429 26 17 8130
19496 24 12 3458
19620 14 12 507
19651 24 13 2468
19738 13 15 7805
20327 27 21 6538
20560 20 5 2440
20839 5 26 2000
20944 24 22 5460
21039 13 5 1532
21222 7 22 2738
21555 3 6 5181
21796 13 29 9420
22169 19 3 6412
22351 17 13 6166
18819 16 6 8509
19212 27 23 2535
19479 29 18 9133
19634 14 24 8765
20190 10 27 1193
20636 29 2 9104
20809 0 8 737
21109 4 13 408
21301 7 14 2864
21760 14 29 7048
21962 7 19 8494
22004 14 17 8438
22596 7 5 6574
22719 24 17 3995
22982 9 5 6497
23467 16 5 6844
23852 0 26 5436
24285 3 5 2975
24290 14 4 5969
24846 14 21 9661
19632 29 1 9128
19892 4 20 8572
19963 9 4 6685
20210 12 21 3861
20564 10 22 2858
21058 4 3 7523
21224 5 22 9133
21238 21 1 5334
21269 5 1 4468
21762 3 18 8804
22186 19 11 3385
22488 12 2 9382
22630 26 8 5109
23219 15 16 9400
23505 13 15 4512
23752 22 13 9777
23787 2 3 8186
23795 17 28 3110
24215 21 26 8605
24479 21 24 9203
20244 2 4 3352
20794 17 23 6876
21127 11 27 7888
21632 4 14 4485
22102 1 20 6870
22653 16 5 8796
22972 17 0 5633
23279 20 28 5245
23463 6 26 9290
23494 21 2 4384
23547 1 24 1640
23894 6 26 686
24138 6 8 4013
24310 28 23 7886
24879 11 22 3047
25324 1 6 3506
25521 23 24 8753
26070 13 10 8343
26292 23 4 4334
26470 29 21 6697
20894 7 28 899
21063 1 28 8709
21266 18 13 8429
21462 15 6 6897
21880 13 6 3908
22265 17 10 8133
22332 3 24 9408
22689 6 17 76
23194 21 27 8698
23679 17 9 2887
23818 6 24 8319
24060 27 17 3455
24243 2 21 6134
24690 3 18 9867
25065 18 14 3940
25590 0 9 6589
25994 19 10 5062
26026 9 13 46
26164 7 26 9100
26593 23 18 3294
21159 16 13 4278
21705 23 5 9630
21944 14 5 6369
22211 22 24 4186
22803 0 14 9464
23226 12 15 2797
23821 23 10 2963
24224 10 27 3160
24365 26 5 3691
24563 8 17 9069
24774 6 22 2440
25227 16 6 6883
25441 15 11 6560
25889 3 28 8459
26338 0 12 5513
26496 8 16 296
26611 8 19 2978
26968 23 29 5817
27214 26 11 6327
27766 26 11 5514
22078 20 21 124
22574 24 3 1041
22819 22 10 1163
23231 5 22 4139
23547 6 25 4392
23897 22 13 8177
24354 28 11 8946
24933 10 15 7954
25351 8 9 1228
25407 27 5 3604
25502 12 25 9269
25669 8 10 5137
26093 15 20 7808
26155 15 14 5504
26709 26 29 7991
26997 10 17 4302
27146 26 3 1781
27683 19 10 9243
27978 5 28 1690
28231 29 9 6422
22293 24 7 5785
22700 23 15 1489
22967 21 17 4194
23271 2 24 2405
23726 17 10 2556
24155 20 26 9526
24331 18 19 5136
24813 10 25 3843
24903 12 11 9345
25489 5 3 7414
25557 2 12 408
25803 27 24 1568
25857 8 27 274
26196 28 15 7179
26591 16 27 3943
26875 17 23 5211
26953 27 22 4555
27174 7 0 7956
27535 22 25 7721
27701 17 18 9155
23236 4 23 6972
23613 10 6 4441
23855 26 9 7558
24264 1 0 8256
24416 8 10 5747
24984 22 23 8565
25107 6 16 3909
25528 8 4 5631
25894 22 29 7962
26015 1 20 4001
26282 27 8 5259
26436 24 13 4241
26590 15 17 3361
26856 6 10 4180
26880 12 17 8878
27013 29 28 8178
27014 7 14 5788
27517 0 13 6081
27775 16 4 3568
27785 19 6 5954
23555 21 10 7116
23607 19 16 1193
24050 6 3 1561
24207 4 3 2657
24736 23 24 128
25248 4 14 6808
25800 19 24 2139
26233 15 5 4185
26387 3 6 9110
26636 16 7 3398
27086 29 17 7190
27619 5 0 9537
27717 26 17 3826
28093 9 18 3921
28348 28 21 6499
28370 22 11 308
28515 16 26 2474
28714 13 18 2729
28995 13 29 9960
29417 25 19 9111
24451 4 18 7068
24876 1 2 7639
25344 11 20 6900
25795 3 23 6941
26245 28 20 3640
26602 2 28 8404
26681 18 16 2183
26941 15 1 6169
27280 25 26 3580
27523 10 13 8501
27842 9 6 8616
27988 11 0 6581
28457 8 19 5583
28732 10 6 3208
29018 0 18 8376
29403 17 13 3736
29963 12 20 4141
30229 8 14 2404
30349 9 14 3
30865 29 21 7201
24618 10 28 4791
25142 3 9 4249
25653 27 10 3802
26189 4 13 7861
26301 10 19 5907
26582 21 17 861
26693 16 19 458
27290 9 26 6074
27827 16 1 389
28143 26 28 4222
28523 22 18 3127
29078 23 25 1612
29449 16 4 4645
29932 21 15 3495
29986 22 18 2627
30419 4 25 2595
30585 27 19 9296
30691 7 15 301
31200 19 7 4696
31693 12 10 1733
25257 1 24 2939
25277 21 0 3164
25339 22 5 3027
25355 19 21 200
25755 29 28 2407
26060 7 4 62
26539 17 13 9807
26964 5 29 5687
27509 4 28 2431
28070 0 14 1961
28569 10 5 8743
28934 24 13 9479
29005 3 14 4577
29192 8 21 6322
29507 5 26 6080
29748 18 19 1765
30250 26 29 1434
30280 18 17 1966
30482 15 22 1585
30677 13 9 8891
26129 9 17 9270
26436 9 29 6657
26910 21 29 2830
27167 5 2 4845
27756 10 2 2154
28255 28 22 7935
28283 16 2 1630
28338 22 28 7527
28486 28 16 6050
28844 29 11 5163
28869 8 28 9248
29179 28 18 2279
29189 19 10 255
29203 23 3 3140
29730 8 2 2870
30067 19 16 994
30235 23 12 5958
30497 5 17 9539
30546 11 27 6677
31060 26 11 1679
26916 16 29 2689
26927 1 6 1281
27396 10 27 4224
27801 6 11 1202
28114 16 23 4635
28334 24 28 1322
28636 0 8 2664
28895 12 7 2122
29101 2 27 2791
29179 25 28 691
29753 15 17 1090
29881 12 10 3151
30032 22 29 6246
30150 28 1 5927
30588 29 5 4373
31150 3 16 7601
31155 19 24 6370
31463 0 1 9424
31654 26 4 5758
31996 25 22 3144
27561 17 9 9578
27617 27 29 7270
28072 4 5 7926
28139 21 9 4588
28587 21 13 7206
29020 20 22 7228
29233 15 25 2096
29239 23 6 4958
29753 3 7 407
30351 8 5 1385
30860 20 5 6606
31229 5 20 3938
31264 13 25 1292
31817 23 13 2895
32019 12 10 8186
32433 3 18 6490
32630 2 16 635
33021 12 27 8461
33328 10 16 9719
33469 2 15 4061
27823 12 24 7680
27829 6 5 7731
28090 11 16 622
28653 3 19 8880
28746 12 27 1721
29080 2 23 7391
29419 7 20 2903
29552 14 10 4917
30039 28 13 6533
30241 20 25 964
30410 29 21 3701
30883 0 10 4855
31293 19 28 2263
31351 10 4 3385
31782 21 9 3527
32236 11 19 3355
32395 28 5 5166
32891 5 24 6130
32914 27 19 245
33468 4 9 6834
28304 21 22 3222
28313 3 24 1592
28687 27 4 8721
29009 10 22 6912
29504 10 0 6391
29817 20 6 7719
29887 0 13 7241
30041 13 27 7644
30331 5 22 2364
30364 10 5 2113
30628 14 10 3795
31092 9 15 1152
31142 21 24 6516
31250 22 9 3244
31689 1 0 3049
31798 27 2 5883
31972 28 21 8753
32528 8 17 2854
32828 1 25 9310
33145 10 9 9553
29054 19 25 8465
29348 6 19 2865
29525 20 6 2873
29896 23 7 8373
30189 21 1 1352
30504 23 16 5217
30683 4 13 4348
31198 26 22 3287
31631 19 24 5680
31634 28 25 5783
31700 27 11 7490
31860 14 16 8970
32453 1 28 2882
32755 23 26 6334
33054 2 19 932
33296 7 8 4674
33440 10 13 2068
34016 17 13 6223
34615 26 24 5039
34931 20 4 9957
29992 10 6 6296
30052 28 11 7710
30377 9 28 7125
30378 0 18 1269
30900 26 12 9728
31341 29 9 9406
31875 3 2 4513
32035 26 10 1717
32561 1 28 8390
32618 29 15 7157
32765 15 27 8880
33042 19 24 3879
33640 26 11 9694
33838 12 24 7529
34086 0 2 780
34668 0 17 5684
34683 3 1 3300
34827 19 21 9847
35398 22 4 775
35430 20 22 441
30546 14 22 3488
31024 26 28 5410
31368 15 0 2668
31948 21 8 7678
32219 11 28 7774
32765 8 11 5672
33128 12 7 1417
33387 5 7 3806
33504 19 8 3204
33889 2 5 4119
33903 22 27 9268
34024 14 27 7191
34479 24 28 560
34762 10 15 1187
35315 14 3 3839
35556 3 7 7335
35983 28 16 2966
36332 8 12 8828
36442 4 23 6634
36569 16 12 3345
30708 16 27 8137
30930 2 14 4050
31200 12 23 1574
31266 23 2 7331
31695 9 16 8304
32279 18 29 8572
32473 22 9 24
32647 11 14 2908
32672 7 22 5954
32934 13 26 1457
33030 20 21 622
33279 22 6 6115
33307 8 25 5403
33352 1 15 9264
33701 24 22 143
34093 17 22 4872
34474 28 19 4059
34906 3 28 7464
34963 14 13 2058
35215 23 14 5004
31792 17 9 7908
31818 28 27 5880
31986 14 24 8526
32152 5 4 5954
32696 9 14 5742
32838 16 25 3101
33091 5 12 7556
33471 21 12 7411
33810 14 9 3250
33960 23 0 8152
34291 20 3 3213
34780 11 15 6645
35206 16 20 4387
35284 7 14 5589
35327 6 13 4446
35551 12 3 1289
35950 14 16 1947
36217 10 0 9581
36559 14 25 1455
37095 21 28 4025
32271 29 17 3774
32739 16 19 454
33339 28 9 4222
33384 17 11 5682
33538 16 23 1639
34038 29 2 430
34370 0 29 8922
34747 29 26 7411
35309 23 14 996
35453 10 3 6877
35504 0 5 5863
35991 22 24 8186
36015 24 19 4016
36544 17 11 2182
36995 26 13 160
37238 10 9 5346
37313 5 20 9860
37739 17 26 6088
38022 11 2 8235
38436 19 11 3347
32940 11 16 6693
32976 25 19 5369
33150 15 18 216
33185 14 15 3877
33431 25 2 1697
33646 2 16 3765
34104 6 22 6207
34507 21 17 4677
34934 12 16 5647
35238 19 12 6293
35279 24 29 7881
35869 27 22 4791
35998 1 2 8392
36518 18 20 9808
36519 3 23 3465
36755 20 27 239
37007 22 11 2540
37323 29 24 4235
37413 2 23 701
37970 6 4 865
33551 10 27 7566
34102 28 13 1936
34285 20 18 7148
34306 15 26 4507
34416 14 2 5046
34485 13 29 3734
34845 25 23 9899
34898 17 28 5064
34904 28 6 624
35082 18 16 9600
35288 22 16 8149
35571 0 4 894
35790 7 16 41
36152 27 6 3824
36249 23 27 4816
36828 24 20 7993
36999 23 9 9064
37334 6 0 26
37435 21 5 6911
37787 21 23 7557
33795 20 1 9191
33849 9 23 9089
34044 18 24 9162
34189 9 7 1035
34676 1 21 1549
34815 15 3 602
35171 25 27 4129
35549 7 29 6733
35822 26 13 3616
36352 29 4 1724
36412 5 7 8610
36447 14 25 3347
36464 17 4 2844
36967 2 25 2083
37479 9 21 9860
37533 1 15 2925
37934 21 23 2583
38472 25 16 1257
39065 0 18 74
39548 18 24 1916
34238 25 9 4325
34281 24 4 5739
34399 20 7 2094
34977 24 6 1403
35274 12 19 1519
35426 21 3 4717
35629 29 11 9584
35846 23 3 4742
36415 29 28 2116
36946 7 24 6958
37246 3 27 311
37776 2 24 9868
37929 23 0 2818
37964 14 4 9900
38172 17 9 6156
38451 6 7 2088
38810 2 11 6936
39271 21 5 1707
39608 13 2 3680
39847 8 4 1416
35370 0 1 722
35788 6 21 6500
36181 26 1 59
36440 1 12 8562
36714 8 19 5590
37228 7 26 1698
37428 1 13 362
37998 6 28 3649
38306 12 4 8099
38648 5 2 2563
38957 8 22 3478
39132 21 7 9291
39489 11 17 5034
40024 13 18 6998
40322 28 23 2452
40405 14 4 8727
40865 9 11 2917
40970 22 20 7560
41031 29 6 8766
41184 13 20 8957
35566 22 26 4292
35888 0 23 8762
36290 23 26 122
36827 16 11 2951
37388 17 2 6815
37596 6 5 8265
37715 4 18 1219
38244 21 1 8564
38373 24 12 156
38546 4 10 5234
38762 1 27 4823
38980 24 4 3511
39371 7 24 6199
39971 28 1 1499
40370 18 25 6193
40727 10 21 7930
41072 3 21 1455
41187 9 17 5322
41363 22 15 2205
41840 11 17 553
36325 6 25 9303
36904 5 14 9564
37462 20 4 8604
37929 2 7 7226
38073 4 28 8516
38256 15 0 2331
38677 11 8 8797
38750 24 13 1753
39292 0 10 5740
39460 8 0 7773
39777 8 17 6341
40002 3 6 4848
40553 2 4 1777
40975 2 24 7008
41352 2 12 1434
41352 5 3 1109
41483 18 26 5879
41631 29 10 4674
41733 19 8 2172
42122 4 17 1757
37085 21 9 9446
37158 22 11 7677
37450 12 23 3270
37877 6 25 9820
38472 19 20 7860
38858 18 11 4920
39121 18 23 7009
39547 19 22 2633
39951 2 22 523
40352 9 18 3270
40898 19 23 5413
41282 20 2 8957
41752 11 7 4376
41989 0 5 1513
42587 28 21 2955
42712 11 13 3809
43261 5 18 134
43745 3 19 6682
44110 13 6 6513
44576 14 3 2405
37741 8 23 8468
37819 18 25 4467
38077 26 4 7599
38111 26 4 5787
38175 9 25 8310
38307 18 26 8844
38358 3 1 2296
38930 21 12 9792
39147 24 20 2374
39246 12 27 5706
39834 26 19 7069
40260 21 10 8428
40771 15 8 8532
40792 0 1 1961
41303 5 4 1514
41383 22 25 6102
41416 18 8 5442
41753 8 7 4397
42294 15 11 4731
42882 8 16 974
38324 12 26 3896
38706 18 27 5868
38750 8 14 4569
38888 20 1 1667
39151 23 5 6801
39319 2 24 3983
39544 29 16 9864
40134 1 0 5115
40190 15 25 9035
40650 11 16 8746
41215 7 3 5951
41547 2 16 9820
42094 5 12 2124
42192 3 0 6535
42396 9 19 6615
42750 23 6 52
43261 13 2 1536
43809 4 25 6519
44010 10 9 6235
44152 26 22 2475
38890 27 25 475
39171 3 23 8990
39621 9 2 6236
39906 13 15 4403
40343 3 10 8701
40874 0 16 9945
40921 13 9 7816
41098 22 4 3218
41576 1 12 5896
41636 25 29 1856
41762 28 19 9034
42004 22 21 2087
42315 15 12 3343
42500 10 29 1586
42882 27 13 5383
43325 26 11 1683
43689 8 20 7476
43964 23 27 4523
44127 8 20 9247
44417 0 17 5243
39370 21 13 5188
39919 9 7 3623
40211 3 17 5115
40477 6 11 3752
40994 7 17 4727
41520 12 28 455
41978 22 24 8697
42188 29 22 4404
42542 20 13 7244
43077 27 23 8669
43337 10 0 8988
43416 24 6 4543
43643 19 23 4172
44061 21 23 9912
44578 13 14 8663
45093 9 23 5207
45481 3 22 260
45771 29 18 8464
45839 9 29 3862
45882 20 1 4782
39640 11 4 5239
40170 2 8 5508
40418 29 8 7901
40896 3 6 3546
41448 5 20 810
41910 7 18 3236
42484 1 18 4837
42872 3 14 594
43363 23 12 3370
43952 22 12 2736
44039 10 3 4320
44204 19 27 5473
44285 25 12 420
44665 4 7 4013
44915 2 4 7217
45308 5 28 270
45878 5 24 6905
46088 20 10 5225
46379 18 25 2827
46496 7 19 156
40778 17 1 7608
41128 27 7 1292
41229 6 4 1566
41417 23 13 474
41961 3 23 9818
42561 1 23 6513
42989 0 3 8031
43056 23 13 6492
43110 15 23 1847
43262 0 22 6927
43805 3 2 3676
43835 0 12 5798
44235 27 29 1595
44475 29 23 9640
44728 0 29 4112
45242 18 19 4739
45498 16 28 7741
45926 24 4 7231
46439 5 6 6097
46472 8 27 2077
41324 16 12 701
41491 4 10 4832
41842 26 17 9869
41967 29 3 2082
42277 2 4 8205
42304 25 0 1497
42600 7 8 7533
43051 11 5 4947
43288 3 13 1046
43626 27 26 4763
43763 23 6 6936
44276 6 22 7738
44282 19 5 1380
44450 5 21 6120
44716 10 14 23
45310 11 14 5044
45750 9 29 9874
45757 16 2 8869
46271 19 26 7304
46782 13 2 957
41732 12 28 3378
42227 5 10 7959
42459 16 6 1785
42921 18 16 1935
43268 4 3 8133
43843 27 6 4234
43954 20 14 4710
44086 23 13 394
44153 6 7 6350
44621 23 29 1220
44885 10 28 6075
45250 22 8 5612
45350 28 7 6369
45584 4 27 5882
46056 29 3 8725
46373 11 8 6708
46553 21 28 1434
46691 16 5 2921
46700 27 29 6419
46968 4 8 2840
42537 16 10 1958
42702 18 20 3064
43287 13 22 5911
43878 4 5 7107
44281 6 0 9110
44435 9 18 9233
44923 26 21 9653
45368 2 5 2042
45784 12 22 6658
46376 14 24 9644
46481 8 6 4164
46728 11 2 9527
46987 6 13 1966
47535 9 11 3347
47796 19 14 390
48008 0 16 2730
48492 22 28 74
48553 9 4 7598
49038 14 17 3829
49163 2 3 9202
43187 17 11 5834
43607 7 29 1169
43710 17 5 6759
43910 3 12 3169
43999 11 14 6827
44536 25 29 1265
44933 3 1 6838
45125 20 9 6787
45169 26 23 3020
45421 29 5 7071
45624 13 29 9168
46044 9 28 1686
46500 22 28 3838
46560 14 21 9286
47149 24 21 6195
47634 25 4 6474
47783 12 27 1305
48112 19 13 9483
48189 24 21 385
48260 5 8 3975
43634 25 9 2657
44017 0 4 655
44178 12 21 3931
44559 1 25 1753
44900 26 19 4417
45297 29 26 4849
45319 7 6 2561
45405 29 23 3101
45821 28 11 9213
45937 6 23 7727
46034 6 18 5358
46146 18 24 5958
46281 11 19 4386
46671 15 14 5502
46834 0 10 9147
47358 28 27 7554
47860 6 9 3874
48282 0 17 5294
48798 5 29 9245
49078 3 8 7544
44122 14 3 9735
44318 10 22 2796
44428 28 6 1074
44958 19 22 7237
45109 19 13 7335
45559 11 12 5823
45748 7 4 9755
46072 7 27 6876
46152 13 15 3223
46306 2 14 4222
46344 23 17 1150
46520 26 7 0
46791 23 8 6832
47013 14 21 7665
47041 2 21 9564
47356 18 13 9149
47368 27 6 3678
47932 21 4 2157
48193 3 4 6733
48559 19 29 4799
44457 26 24 3784
44893 12 28 6400
45320 19 6 9543
45798 15 2 7742
45931 4 24 3004
46499 9 27 2436
46993 4 25 5154
47234 28 19 745
47414 9 22 5686
47660 5 23 1451
48071 14 11 1474
48595 3 8 9955
48908 27 20 7635
49453 6 1 4415
49984 3 10 1807
50045 10 22 853
50222 1 27 9287
50753 7 14 3063
51134 13 19 8115
51410 3 4 9636
45368 26 19 197
45507 18 0 12
45605 14 6 2002
45709 5 9 4681
46121 7 27 2357
46477 9 12 3153
46752 2 12 3077
47244 28 25 2591
47592 17 21 8389
47753 0 12 3062
48322 25 7 8428
48565 7 1 7448
49083 16 14 2040
49495 20 10 8435
49683 4 28 9078
50256 23 11 1873
50487 17 5 6182
50768 15 4 4269
51186 14 21 3962
51354 23 13 1616
46085 22 21 9918
46666 2 14 14
47237 0 4 153
47661 0 11 8036
48154 7 22 1472
48721 4 19 9614
48872 24 15 7919
49310 9 3 7008
49749 3 22 6073
49815 12 13 1661
50308 5 12 1850
50874 15 13 6507
51083 11 9 529
51315 4 15 2137
51420 7 1 6475
51779 2 5 1892
51967 2 5 9668
52350 20 27 6487
52566 4 2 9753
53118 23 14 3596
46782 2 29 9178
47098 10 13 5733
47176 18 15 3497
47275 5 23 5905
47490 11 23 7379
48079 19 16 8715
48345 9 16 6009
48345 18 13 6400
48444 11 28 4952
48471 15 8 5103
48481 4 9 1254
48502 29 23 3783
48964 12 3 6733
49214 27 18 6498
49594 23 7 870
49894 24 10 3449
50443 12 15 1999
51005 7 6 5356
51503 21 15 1213
52038 11 16 9915
47211 10 6 3544
47377 23 8 6853
47477 25 3 1375
47837 2 26 314
48197 8 19 9928
48684 28 8 688
49042 13 5 1935
49546 2 9 659
49602 13 27 934
49911 9 21 9601
50257 5 0 1340
50778 23 1 5130
51170 7 2 5197
51698 18 17 4247
51830 26 22 7064
51914 20 16 877
52460 1 23 7438
52907 15 2 4593
53033 17 27 9338
53434 4 24 1210
47750 17 21 6637
48112 13 28 1402
48540 15 7 3995
48658 15 11 4253
48869 18 17 6023
49255 4 12 4408
49307 14 27 9573
49348 5 9 6033
49847 26 21 2679
49881 10 21 6757
50328 15 26 3891
50659 22 4 4468
51124 7 11 818
51237 8 14 3815
51708 12 5 5101
52245 29 11 8069
52801 15 29 955
53039 0 26 7612
53419 23 22 7824
53589 24 8 2078
48288 23 25 2535
48816 15 10 3049
49094 6 18 8053
49691 15 16 8519
50150 15 14 7455
50500 2 25 9477
50816 29 16 7896
51246 8 0 1139
51621 14 3 2721
52085 12 16 6232
52508 18 24 4478
52968 18 1 4742
53404 26 10 8647
53600 19 8 1539
54090 12 17 9749
54638 11 17 5803
54909 3 27 7143
55244 21 12 9940
55390 24 14 2916
55827 17 19 1425
48963 6 14 7747
48996 4 27 1357
49303 28 11 2603
49604 6 1 7098
49896 18 14 6190
50005 7 24 1370
50567 24 11 9533
50595 17 3 8906
51105 16 4 5992
51187 26 17 3428
51195 27 5 4165
51544 29 20 4616
52138 10 7 6867
52417 12 17 9723
52959 5 15 6611
53302 20 13 4511
53901 21 28 2708
53960 0 21 4179
54233 27 0 9024
54525 11 20 1365
49415 27 17 756
49531 9 20 6127
49754 8 10 5217
50256 10 1 8266
50530 12 2 9378
50760 23 2 5794
51122 15 10 1547
51585 27 18 4355
51807 0 12 6195
51818 27 0 3871
51876 13 6 5215
52239 27 11 9153
52392 16 1 518
52404 5 1 3326
52524 4 23 1357
52729 8 16 8217
53072 27 1 314
53266 27 26 8433
53299 24 13 891
53674 18 2 8359
49941 4 3 3156
50006 28 13 3512
50127 26 10 2413
50636 4 9 2520
50752 13 26 3135
50903 26 2 2032
51285 2 27 3979
51302 29 23 2424
51719 13 19 9358
51794 9 20 165
51825 11 10 2190
52090 19 9 1350
52169 19 16 6300
52557 15 3 5370
52786 29 19 5727
53069 16 26 1190
53232 23 14 7573
53832 9 29 6000
54326 13 8 8026
54568 29 23 736
50584 5 13 1065
50684 7 3 4761
50882 19 13 293
51457 7 18 8788
51906 1 29 1845
52073 16 11 2835
52390 21 11 4322
52919 21 16 1094
53310 22 7 2155
53658 28 2 7186
53857 11 15 3170
54426 17 2 1775
54576 11 0 4850
55009 5 11 1371
55381 29 4 7069
55787 24 4 9853
55921 10 6 6368
56517 10 7 3302
56584 6 25 1399
57064 16 19 5752
51548 17 12 1020
51896 3 10 3762
52251 0 28 7464
52562 24 25 642
52991 1 2 5078
53319 17 1 7933
53865 5 9 182
54107 2 18 7293
54508 4 27 2156
54979 24 21 6327
55147 1 23 4074
55483 21 4 9323
55971 27 17 8336
56384 3 0 342
56567 21 18 873
56733 9 12 1882
57124 22 27 4298
57527 26 2 7093
57688 0 26 5194
57852 0 29 576
51696 24 9 7423
51768 10 4 40
52249 11 18 7087
52545 28 19 8736
52684 5 24 2530
52760 8 14 680
52777 8 22 16
52978 25 15 8579
53575 21 9 7840
54036 29 7 7011
54054 7 29 3063
54525 28 9 7177
55028 23 27 3626
55127 22 12 2864
55413 24 1 5452
55771 24 16 5907
56043 15 29 1753
56556 5 26 284
56640 16 19 6263
57030 3 21 3266
52320 12 19 9155
52780 0 2 3475
52936 23 19 3692
53000 15 13 9601
53208 22 14 3996
53250 21 27 2439
53291 15 13 3641
53484 3 14 7835
53622 12 27 4733
53646 8 15 9448
54235 26 18 7464
54555 25 8 1536
54707 26 23 671
55051 24 14 52
55336 7 28 6869
55901 5 6 6066
56113 0 2 8446
56147 5 22 6754
56187 18 11 7236
56247 16 7 2670
53279 12 3 4148
53399 18 10 4057
53901 13 3 202
54085 10 0 4903
54284 12 19 4441
54668 5 26 5933
55255 6 1 7329
55625 6 24 4875
56062 14 8 4456
56343 6 5 1233
56862 19 1 8266
57196 6 2 1801
57341 4 15 1018
57705 9 20 3179
57837 15 20 420
58114 14 27 6086
58536 10 4 6608
58592 17 29 5827
58898 29 4 4138
59347 9 23 5002
53619 21 12 1710
53674 11 27 9971
54120 22 3 133
54374 29 9 2191
54725 13 20 5681
55049 19 0 8618
55367 4 12 7167
55490 5 4 1909
55752 24 0 3717
55918 18 23 9849
56072 7 21 2211
56523 23 19 6166
56739 17 26 9061
57284 6 9 5702
57341 9 27 1707
57741 0 26 9252
57907 1 4 5498
57937 27 13 1224
58302 16 10 9956
58550 27 2 7851
54113 17 23 3395
54473 22 11 7004
55047 21 17 5629
55572 27 19 8462
56006 16 21 3174
56194 26 1 4367
56569 28 23 6835
56773 5 6 4593
56987 29 25 7760
57440 12 22 7668
57484 26 1 2580
57551 15 12 10
58040 19 3 1864
58337 16 7 5426
58607 11 6 4531
59014 5 3 3344
59128 19 0 9165
59172 10 15 3247
59607 3 10 4855
59789 10 17 4659
55077 0 11 9753
55152 4 22 2983
55600 0 28 9
56032 26 14 964
56294 17 10 1459
56343 3 29 2858
56618 10 21 797
57086 5 10 6824
57312 17 22 2850
57436 2 25 7646
57758 21 11 6554
58228 25 8 8361
58582 6 26 8010
59040 5 26 5083
59457 14 13 4756
59798 16 0 1753
60281 16 11 6837
60452 18 28 1420
60920 4 16 2164
61101 29 7 4437
55379 24 14 5356
55760 18 5 3968
56355 21 4 1428
56769 23 7 7231
56904 0 12 6823
57241 5 22 6100
57600 16 7 3964
58060 10 17 2791
58636 13 0 7472
59103 16 8 9873
59398 10 15 3022
59919 23 14 9283
60092 6 12 7195
60446 19 22 1513
60860 9 27 8758
61354 14 3 6864
61622 12 21 4921
61865 29 8 9082
62318 20 21 95
62680 19 1 3512
56152 7 19 1035
56168 2 12 2864
56655 8 28 5762
56859 9 22 2149
57159 23 22 9967
57675 28 2 2242
58155 21 19 7495
58362 5 19 8637
58451 5 29 4138
58529 0 1 9273
58551 12 5 2572
58818 4 9 9241
59051 3 28 8147
59238 24 5 217
59418 19 24 4861
59528 19 18 5253
59570 12 3 908
59861 24 22 384
59866 18 5 3834
60133 12 1 2262
56786 5 9 6475
56896 5 7 4465
57406 19 17 4072
57564 0 4 2058
57776 1 18 4787
57781 26 23 9380
58023 16 4 9423
58414 11 26 7416
58914 7 18 4306
59350 2 18 8895
59770 0 14 3336
59984 25 23 4896
60526 26 29 1476
61056 4 14 5130
61589 14 1 3022
61636 18 14 817
61804 8 3 4866
61889 21 19 2119
62185 3 18 3518
62600 12 18 7397
57508 3 6 9496
57758 8 27 5009
58019 0 29 6596
58161 17 21 4389
58384 23 11 814
58641 24 15 9602
58681 9 1 9471
59017 17 1 9241
59135 14 1 7054
59497 25 5 2335
59910 23 5 970
60491 7 18 7579
60610 29 21 8083
61182 15 29 8758
61581 21 9 6610
61828 11 25 2787
62011 23 6 8164
62118 22 23 1373
62140 29 20 4229
62484 17 26 7696
57922 25 20 8827
58285 16 25 3408
58426 21 7 5962
58678 9 15 7405
59138 18 23 4285
59408 5 20 681
59447 18 12 2922
60031 1 12 751
60480 19 28 5689
61015 20 6 2205
61298 21 1 3432
61709 23 24 9510
62161 17 18 4635
62178 2 15 7720
62496 23 8 7705
63022 27 12 5492
63085 1 17 3232
63539 19 15 8476
63577 0 21 8058
63907 26 3 3811
58740 12 10 4591
58745 26 21 8034
58895 16 8 9988
59241 19 3 2148
59615 11 3 9139
59648 24 6 4499
59773 14 8 2488
59910 29 20 8117
59962 14 20 2966
60389 12 22 7463
60494 18 1 5108
60498 25 26 4741
61062 29 20 7952
61461 27 1 9567
61667 7 18 1226
62129 7 2 3092
62490 13 4 6088
62754 6 9 2642
62863 9 21 2759
63385 3 18 7986
59096 19 27 816
59364 3 2 3408
59652 17 26 3883
60223 22 8 34
60773 1 8 2804
60929 0 9 8291
61024 26 17 1675
61164 17 5 4756
61741 17 14 6974
62060 7 13 9943
62603 7 13 5027
63088 7 28 2116
63610 18 20 1502
63883 25 14 4308
64217 9 19 939
64589 15 17 4470
64698 11 7 3787
65189 22 3 6678
65672 6 5 8688
65959 17 23 3903
59893 15 19 6902
60178 13 10 1817
60221 19 11 275
60692 2 9 8268
61162 14 15 1254
61193 14 28 7354
61634 2 12 1421
61641 26 3 3356
61825 4 24 5437
62373 12 7 9344
62387 29 15 9836
62829 13 15 2401
63360 16 1 3240
63509 18 21 2385
63882 9 16 8961
64132 14 7 8339
64632 12 9 5945
65114 16 2 1648
65282 1 10 7956
65383 24 23 8918
60455 20 17 2300
60736 10 0 3191
60950 3 24 9251
61527 13 5 8582
61995 23 20 8031
62042 29 10 865
62055 26 1 6035
62444 17 13 1225
62921 13 4 3712
63239 25 10 6646
63350 5 2 1743
63732 25 22 2784
64308 10 17 9249
64650 29 24 1730
64733 19 12 6452
65128 5 11 7472
65571 14 7 5486
65655 9 5 1926
66155 28 18 6918
66539 8 7 6602
60618 24 9 5
60887 18 28 3639
60925 17 5 137
60963 8 21 1250
61194 25 3 7715
61607 22 2 3610
61822 12 5 4777
61861 19 11 1540
62039 25 16 8287
62276 0 11 3148
62546 6 2 4181
62664 5 15 7926
63113 6 14 9561
63580 1 24 1145
64046 9 19 4358
64617 20 18 7244
64665 10 25 8331
64702 27 15 6604
64708 11 0 7282
65284 13 14 9479
61697 29 8 779
62029 14 1 1536
62157 2 26 8915
62266 6 3 9718
62576 9 19 4684
62736 26 16 2139
62958 16 7 5048
63297 6 12 171
63583 12 28 5051
63691 7 23 6805
63922 6 3 4992
63953 10 8 2368
64548 1 23 9207
64592 29 15 4475
65126 20 2 5563
65198 14 24 7849
65567 22 29 7943
65581 3 9 5633
66160 16 21 8924
66477 19 17 3926
62385 7 15 9159
62562 22 6 3286
63105 21 16 8519
63652 25 19 1872
63714 0 13 9707
64054 5 11 2088
64536 14 6 9246
64893 11 8 3394
65234 12 2 7137
65627 6 28 1848
65681 24 17 24
66235 24 4 5428
66529 14 19 3834
66908 22 9 9097
67174 4 28 9286
67397 0 17 7634
67907 3 14 4158
68154 27 18 2566
68476 2 21 254
68730 29 21 3112
62402 10 25 6551
62439 3 20 6290
62986 7 12 2542
62997 16 20 5877
63477 16 19 2811
63640 3 1 1902
63819 27 28 2749
63924 29 24 266
64400 3 11 279
64892 13 14 7205
65042 11 14 5468
65446 14 19 2345
65945 28 9 906
66380 3 20 9500
66766 1 6 6689
67327 12 18 176
67813 11 7 773
68307 14 13 2294
68571 26 1 596
68678 1 25 9957
63037 16 15 9164
63136 11 4 6389
63285 13 20 1618
63329 19 8 5641
63416 26 25 8073
63552 4 17 12
64145 18 22 4505
64569 12 13 7683
64847 28 5 5473
65085 12 0 5837
65394 0 25 3292
65856 24 23 4551
66324 27 17 5628
66892 27 21 5906
67048 25 27 382
67084 15 5 1376
67554 15 16 8539
67857 24 18 8981
68251 10 26 9530
68489 4 21 3885
63603 20 5 790
63878 15 21 8560
64351 8 9 2423
64487 26 4 38
65058 16 5 7103
65202 21 17 1724
65579 5 7 3369
65716 0 18 8778
65911 29 8 2193
66038 19 20 9611
66354 29 16 6240
66774 28 22 5003
66925 11 14 666
66992 7 19 9238
67153 11 9 9938
67584 11 8 6341
67614 3 2 8400
68054 16 24 4111
68614 2 15 3881
69023 22 4 6876
64317 1 11 2708
64738 26 29 8522
65133 3 10 2761
65150 25 26 1112
65580 5 21 1172
65999 24 4 7898
66514 1 5 5891
66794 21 8 8763
67209 16 23 4828
67365 9 1 323
67711 13 5 172
68027 15 5 8503
68226 18 1 9585
68754 11 22 7364
69134 11 0 3695
69684 14 16 7041
69837 14 15 1438
70128 19 5 5742
70426 4 24 8328
70726 27 9 5041
64965 5 14 101
65529 18 12 2328
66052 10 27 4138
66371 29 22 4794
66724 27 8 4957
67206 11 12 3721
67755 24 27 6882
68068 18 16 9660
68369 14 11 5905
68760 11 28 4443
69037 7 10 4544
69339 23 27 1009
69847 22 25 8716
69887 28 12 107
70145 9 1 3757
70381 11 27 5281
70405 4 8 4061
70511 12 28 9226
70833 15 6 7668
70958 8 13 1145
65892 11 27 4602
66474 29 17 1602
66887 6 15 5177
67046 23 15 6369
67232 6 10 7606
67519 17 19 4271
68099 24 1 5068
68373 23 15 3764
68550 23 3 8972
68835 6 15 3617
69255 4 8 3188
69501 19 27 8446
69763 12 10 8341
69811 0 14 3326
69832 18 20 3557
69906 17 15 729
70094 17 0 4470
70334 27 29 3256
70580 1 9 1850
70921 0 5 3881
66008 27 14 4449
66156 27 25 6165
66217 11 2 503
66771 25 10 8556
66907 11 3 5177
67109 25 6 5400
67300 8 19 7760
67813 15 29 4500
67890 4 24 9031
68348 28 17 9215
68940 15 21 6206
69428 1 12 2887
69561 29 13 5577
69757 14 23 5691
70338 3 0 2757
70473 13 12 896
71048 8 22 9674
71263 21 26 4843
71660 20 17 6778
71711 5 0 9189
66889 12 27 7732
67049 27 17 3871
67267 20 23 2697
67700 9 22 2302
68109 7 20 482
68132 29 2 5426
68395 13 9 6312
68469 14 13 3236
69035 10 8 5453
69617 22 7 1788
70063 15 6 5643
70623 21 16 5057
71056 27 19 9853
71456 29 1 1280
71818 27 19 2715
72241 28 23 9271
72624 21 10 4717
73125 8 13 8874
73580 29 8 7988
73647 13 16 7084
67738 25 27 3784
67782 12 9 8436
68271 0 7 3225
68503 25 1 8616
68679 28 17 5860
69053 17 20 4655
69186 18 22 5192
69434 5 1 4283
69435 1 21 8606
69462 28 9 9043
69746 10 16 4412
69827 13 5 7707
69924 7 13 7240
70300 18 14 3083
70551 14 23 6443
70871 19 12 2146
71017 4 0 41
71202 18 25 3325
71302 27 12 4519
71360 17 26 1684
68319 12 2 3119
68385 17 12 4221
68821 7 26 2064
69056 11 9 6007
69094 17 9 2102
69374 9 17 4144
69763 12 13 5099
70323 10 9 3174
70600 1 19 3568
70734 10 22 9058
70778 6 29 1108
71246 15 16 2995
71257 4 13 847
71457 2 6 5712
71705 24 13 469
71776 22 9 2353
71895 4 11 2892
71956 1 18 5744
72170 2 23 4056
72271 23 29 8829
68413 4 29 4226
68848 16 26 6393
69267 12 9 6567
69706 25 6 1091
70001 11 5 6535
70360 16 3 7878
70826 27 23 1170
70991 19 1 9535
71266 4 28 9188
71781 12 17 9989
72014 15 29 8645
72280 7 3 2890
72520 29 4 2281
73052 0 23 7785
73105 0 15 8816
73204 11 8 8148
73223 8 28 7908
73610 7 18 5957
74177 2 14 6900
74461 14 7 4481
69381 29 4 4592
69603 6 14 205
69786 28 15 5690
69810 5 1 4904
69860 17 2 8036
70019 29 11 6918
70050 28 6 222
70563 19 28 9446
71147 15 12 7689
71413 22 0 3826
71630 24 7 3526
72030 29 13 1621
72502 9 22 5393
72912 24 29 6285
73473 16 27 563
73632 2 7 9332
73817 23 12 49
73862 23 11 4885
74187 26 21 5201
74379 22 25 9861
69837 26 3 8046
70021 1 16 770
70551 4 23 8029
70970 24 15 4470
71242 18 25 2359
71395 24 12 3780
71459 4 15 3795
71507 16 5 8765
71767 13 26 9083
72048 0 11 4570
72468 19 9 3756
72978 21 6 4132
73282 13 16 4491
73555 3 1 9239
74154 20 12 957
74631 12 18 9068
74865 23 19 5263
75140 28 14 3953
75306 10 9 5960
75686 24 0 1031
70506 23 17 1914
70803 19 15 7070
70898 10 14 4915
71439 18 5 7734
71598 12 29 1362
71988 26 13 9022
72534 0 7 3197
72765 14 6 2581
73338 11 19 9573
73412 13 5 7429
73619 18 23 2618
74208 16 15 7641
74613 14 10 2404
75111 18 24 3081
75263 22 16 2032
75321 26 17 9439
75474 7 19 3006
75706 2 0 711
76163 24 27 3869
76541 2 11 7751
71327 5 21 8589
71611 1 19 7910
72102 7 27 8851
72303 2 4 5236
72580 25 16 5154
73167 10 9 5457
73549 20 1 9839
73790 10 6 3258
74181 4 12 7645
74450 7 16 4828
74889 5 23 3467
75109 7 18 4346
75192 29 14 5860
75522 29 24 1607
75952 26 17 4667
76469 7 18 1005
76764 19 18 3548
76823 5 14 5209
77167 18 8 1250
77411 29 5 8986
71726 10 27 6169
72226 25 9 8162
72699 24 20 2345
72709 14 28 7362
72905 17 7 8851
73397 13 9 2026
73497 27 25 3289
73572 28 11 7758
73804 18 16 1223
74120 21 22 242
74148 4 8 856
74296 13 28 6787
74632 13 9 7389
74857 14 9 2702
75457 24 11 9897
75821 9 26 7764
76236 24 15 89
76245 20 6 196
76309 22 29 1378
76514 2 1 862
72534 24 11 5130
73086 14 11 7200
73208 24 9 8814
73376 13 0 8837
73713 19 23 9434
74189 2 20 3197
74699 3 11 6203
74770 21 17 4561
75330 22 26 1809
75583 12 22 3466
75755 28 20 8865
75991 14 1 2639
76258 8 12 767
76565 17 7 7752
76784 23 13 5900
76814 19 13 4442
77293 22 3 3471
77473 11 28 8372
77728 10 25 8746
77873 5 17 3373
73137 5 0 4601
73437 23 5 9443
73532 1 17 8373
74056 24 29 5821
74606 23 12 7939
74873 17 9 8699
75282 10 21 2136
75859 23 13 3070
75962 16 20 6436
76442 3 14 5849
76575 5 9 8169
76655 24 2 5717
77152 22 3 7225
77427 0 7 8422
77432 2 14 7319
77709 3 0 879
77966 27 21 970
78500 10 21 3126
78969 3 26 6836
79148 9 20 8891
73302 17 24 8107
73755 27 20 4073
73796 23 25 5148
74060 22 3 910
74466 16 8 7770
74897 27 22 6542
75416 7 3 701
75719 3 0 4713
75820 28 5 7777
76275 25 16 2740
76481 22 29 3462
76620 7 8 6904
76974 17 1 1682
77238 6 18 155
77455 25 22 6877
77455 14 5 2016
77897 7 6 915
78273 19 7 1259
78578 5 15 2516
78672 13 14 6738
74316 0 14 3056
74319 6 19 9591
74544 27 11 8740
75113 13 11 6413
75350 11 19 7016
75838 20 25 6701
76040 8 29 432
76311 4 17 3263
76525 19 21 6193
76733 6 12 2173
76801 5 24 6406
77331 7 10 2952
77831 5 13 2821
77887 10 25 5987
77902 19 6 6669
77965 0 6 4027
78441 26 6 1838
78897 27 25 8017
79464 13 17 1744
79699 25 8 8087
74857 26 11 5330
75037 25 24 4891
75585 23 13 2982
75629 21 26 3690
75896 25 23 6348
75974 24 27 1580
76050 9 29 7996
76291 29 9 2435
76806 0 8 2404
77219 1 8 4304
77347 0 13 6209
77915 17 16 6238
78035 0 16 9295
78432 7 23 502
78690 3 28 2853
78812 9 4 7027
78999 16 4 168
79486 23 8 9843
79686 16 13 9005
80056 21 22 5467
75464 10 4 8054
75740 7 16 1935
76120 3 8 4790
76134 28 12 6490
76409 4 25 7364
76962 2 11 6213
77041 24 10 9950
77549 13 26 9224
78115 10 3 2414
78274 6 4 7673
78693 6 22 2592
79265 25 0 7840
79713 19 25 2375
79859 10 6 7240
80217 24 22 7877
80288 10 8 1146
80588 6 23 1997
80931 16 28 9085
81262 15 12 3128
81845 25 16 3165
76066 3 23 1602
76292 16 0 1681
76680 4 22 5215
77060 29 5 8204
77501 0 3 6588
77593 13 24 1374
77942 24 22 2163
78359 11 0 35
78953 21 28 4697
79490 11 6 6270
79996 26 13 288
80034 12 5 7927
80130 9 0 8493
80631 23 8 1608
80947 10 21 9473
81047 25 8 9672
81591 3 0 6829
81632 7 18 3153
82013 5 22 7455
82353 1 0 8699
76308 19 29 7658
76677 24 11 1387
77246 7 0 4192
77421 15 3 6198
77505 25 13 9526
77567 5 6 7449
77992 9 29 8963
78580 24 17 4820
79101 7 6 5450
79121 10 2 7650
79466 17 9 2157
79607 18 22 2993
79776 12 9 1349
80072 26 28 1327
80223 20 25 5328
80779 15 14 632
81228 21 28 7430
81813 12 9 202
82328 6 18 1656
82798 9 16 3076
77363 27 25 4653
77441 3 19 1862
77714 5 15 9779
77755 16 4 4607
77904 16 25 5079
78224 12 8 3901
78279 4 29 4665
78781 11 4 3467
79257 16 25 939
79541 15 16 8458
80101 15 5 4578
80701 5 23 4807
80994 23 0 2429
81343 5 18 6790
81773 1 24 2372
81880 10 2 808
82411 15 0 7954
82928 28 15 4619
83231 19 13 6325
83508 20 4 5709
77418 12 8 538
77946 6 15 4241
78475 15 3 616
78694 28 1 2821
78722 10 8 9979
79069 27 0 8464
79275 16 29 9498
79862 29 13 7146
80136 19 16 6330
80282 12 19 3541
80300 6 23 1802
80599 21 12 1623
80828 2 24 8984
81237 1 24 5741
81361 10 18 2746
81814 19 27 7636
82082 10 6 3993
82638 1 20 9694
82828 23 28 6924
83114 9 2 9098
78140 22 6 5190
78533 7 0 1017
78785 23 3 1867
79322 24 15 7876
79393 10 28 9398
79707 24 22 5678
79726 19 5 9622
79766 12 21 9439
79827 20 2 339
79896 25 11 7542
80019 8 2 8191
80215 26 9 3664
80351 16 15 2299
80611 17 7 1535
81080 8 19 4911
81183 12 18 3893
81187 2 21 839
81616 24 7 1610
81931 3 8 989
82392 22 1 7397
79181 11 22 4775
79333 4 27 7158
79410 20 24 1942
79900 24 1 8171
79934 0 26 6159
80100 0 8 5688
80269 28 14 4679
80391 9 4 769
80711 1 15 4335
81241 6 18 569
81738 9 12 6279
81948 6 18 1815
82013 18 24 8465
82501 18 5 6272
83093 13 12 5063
83252 20 4 1948
83609 26 19 4696
83880 26 23 2567
84108 29 16 2199
84342 11 7 4554
79584 17 8 4483
79630 21 16 3605
80036 8 10 3316
80209 26 20 5078
80650 21 15 4428
80841 14 0 1536
81130 16 27 8790
81400 22 7 8903
81641 19 24 4987
81971 9 19 9683
82459 15 3 4748
82814 26 18 6334
83187 19 26 9979
83378 19 6 8922
83441 23 3 4104
83966 2 19 9757
84533 13 26 7297
84950 8 15 1931
85067 5 26 3032
85191 27 15 1629
79803 27 26 1180
80217 15 6 9574
80627 17 0 8979
80647 23 3 9786
81195 2 4 858
81628 24 7 7261
82065 10 11 3927
82265 29 25 4401
82336 27 12 9460
82852 24 28 8896
83385 26 15 8278
83631 5 1 6251
84106 12 11 8651
84678 2 11 6923
85219 21 15 7731
85330 6 0 6561
85926 19 28 1719
86200 21 28 3309
86594 19 14 7515
86937 10 2 7072
