17 16
745 5
785 17
902 11
1292 10
1387 9
1394 7
1825 8
1858 14
1893 8
2554 9
2719 8
2803 16
3162 13
3250 3
3274 10
3765 1
3923 10
4091 17
4316 14
4355 9
4436 17
4871 19
5002 8
5491 6
6077 17
6192 4
6330 8
6778 18
7249 6
7358 9
7531 10
7969 14
8112 13
8500 2
8654 1
8695 15
9012 3
9197 6
9356 16
9691 13
9716 19
10389 10
10445 16
10491 17
10909 5
11071 14
11088 12
11454 9
11464 19
11564 17
12200 15
12334 8
12645 15
12699 8
13288 4
13371 5
13961 6
14524 17
14644 4
14797 10
15129 15
15748 17
15781 6
15839 4
16273 9
16367 2
16499 12
16936 19
17407 4
18030 1
18204 8
18383 6
18681 6
19206 5
19235 0
19405 7
19809 12
19856 19
20561 1
20703 19
21008 19
21103 2
21183 19
21655 18
21704 16
22389 3
22848 8
22997 3
23475 11
23500 18
24094 12
24265 6
24357 18
24704 10
24710 18
24909 18
25321 2
25520 15
25563 19
25864 8
25910 2
26420 16
26537 4
26728 1
27010 5
27603 13
28377 6
28913 11
29106 6
29153 4
29495 8
29638 7
29717 18
30152 14
30310 13
30329 4
30602 15
30628 0
31279 8
31363 5
31432 14
31877 16
31938 15
31957 11
32543 5
33002 11
33185 5
33299 11
33629 12
34393 16
34449 3
34451 14
34944 15
35034 14
35108 11
35560 5
35715 7
35745 9
36052 12
36749 19
36897 8
36938 6
37368 12
37558 15
37847 17
38580 19
39154 3
39162 0
39166 7
39677 3
39684 8
39833 11
40280 13
40325 17
40375 13
40836 16
40997 11
41067 8
41437 18
41547 3
41729 19
42173 13
42229 14
42388 11
42606 7
43210 14
43338 18
43986 17
44131 14
44176 13
44424 11
45013 9
45152 19
45318 16
45719 15
45768 10
45958 18
46202 1
46248 3
46896 12
47015 2
47155 13
47559 11
47714 12
47745 16
48012 13
48800 13
48979 14
49056 2
49385 3
49565 17
49646 18
49833 10
49939 1
50085 12
50569 9
50756 7
50871 8
51117 9
51624 7
51693 13
51848 1
52362 1
52914 10
53045 16
53076 14
53578 19
53764 18
54116 17
54279 8
54442 1
54655 0
54835 10
55203 16
55838 8
55880 2
55894 3
56485 10
56607 2
56611 14
57010 0
57070 4
57163 12
57628 2
57797 11
57846 6
58332 6
58416 8
58560 18
58842 17
58873 11
58917 14
59419 14
59428 14
59558 12
60173 18
60368 2
60676 1
60710 1
61207 16
61306 6
61398 4
61969 16
62417 1
62565 16
62723 10
63124 17
63172 17
63319 9
63640 14
63697 19
63804 14
64281 15
64475 14
64672 14
64882 2
64971 9
65102 2
65596 14
65620 5
65721 6
66178 17
66249 5
66250 3
66769 19
66826 5
66958 9
67264 3
67370 10
67376 1
67996 9
68177 5
68316 6
68450 0
68545 7
68728 0
69108 3
69293 15
69420 18
69793 9
69953 1
70398 3
70541 7
70541 7
70987 2
71132 7
71197 7
71463 14
71614 7
71768 14
72103 6
72162 17
72236 12
72691 11
73300 15
73360 1
73537 0
74000 19
74130 12
74411 10
75169 11
75175 18
75707 7
75818 8
75935 2
76212 16
76923 0
76926 5
77548 18
77746 9
77840 12
78086 12
78256 16
78400 13
78728 6
78768 5
78800 14
79364 0
79469 7
79859 17
80564 10
81032 19
81128 7
81165 4
81755 19
81924 6
82235 1
82313 2
82437 7
82887 10
82987 7
83068 3
83580 15
83745 19
84110 11
84143 6
84314 8
84705 4
85307 6
85366 7
85981 6
86119 11
86281 4
86400 9
86401 9
86566 4
87092 8
87799 9
87937 19
88372 5
88479 6
88569 5
88960 8
88996 12
89143 14
89423 18
89477 13
90032 17
90154 15
90271 1
90666 4
91342 13
91836 18
91890 4
92553 1
93179 1
93655 0
94380 4
94949 7
95431 18
95576 18
95600 17
96128 5
96298 19
96469 5
96630 2
96748 6
96901 18
97267 8
97456 8
97993 14
98102 12
98112 6
98451 0
99045 6
99100 4
99105 9
99653 18
99731 12
99808 15
100321 4
100409 6
100409 2
100832 2
100878 6
100893 3
101442 10
101622 16
101751 1
102150 7
102207 3
102380 12
102669 4
102802 12
102933 15
103376 8
103394 6
103503 8
103850 2
103955 15
104048 0
104506 4
104542 7
104608 6
105047 8
105067 6
105174 10
105762 19
105958 14
106071 11
106219 13
106373 16
106476 13
107000 15
107055 11
107547 19
108061 5
108164 14
108190 6
108754 18
108821 7
108874 18
109391 1
109452 19
109629 18
109994 10
110117 17
110296 5
110570 2
111188 7
111226 5
111424 4
111698 9
111712 14
111820 9
112258 11
112988 3
113520 12
113691 5
114169 18
114175 9
114297 5
114763 8
114935 11
115063 0
115259 10
115312 4
115414 9
115878 9
116569 1
117026 4
117193 17
117352 1
117626 6
117821 7
117857 5
118347 9
118388 16
118431 9
118872 12
118943 7
118978 15
119485 13
119620 0
119694 15
120065 11
120113 10
120244 12
120702 18
120830 3
120957 19
121225 16
121424 8
121459 6
121919 6
122031 17
122052 1
122517 5
122525 2
122667 1
123064 3
123207 9
123290 0
123759 18
123829 17
124392 17
124398 8
124822 5
124858 17
124888 2
125572 9
125653 1
126037 2
126144 2
126201 5
126775 10
127213 18
127391 8
127535 0
127971 9
127980 4
128003 15
128481 16
128599 12
128774 15
129022 0
129099 17
129646 12
130388 6
130558 2
130987 6
131017 17
131056 9
131432 2
131539 9
131710 17
132181 8
132775 11
132816 8
133014 2
133204 15
133842 17
134429 19
134497 6
134653 17
135102 16
135107 4
135114 17
135710 3
135832 4
135933 7
136395 2
136571 2
136591 2
136815 14
136931 15
137128 15
137592 4
137634 8
137679 16
138066 13
138210 2
138312 3
138718 18
138901 1
139021 14
139337 3
139531 1
139696 16
139886 16
139962 10
140003 17
140519 7
141175 12
141305 5
141469 4
141693 3
141718 15
141906 15
142400 14
142907 8
142993 10
143190 18
143549 1
143597 0
143639 19
144133 11
144728 10
144811 3
144934 15
145274 13
145458 2
145929 0
146469 10
147032 11
147118 18
147185 3
147781 15
147980 12
148164 2
148238 15
148403 6
148585 17
148819 11
148918 12
148974 2
149471 18
149488 16
149619 17
150003 8
150083 4
150668 15
150673 9
150678 11
151278 14
151348 6
151932 19
152055 3
152239 9
152459 5
152593 8
152707 15
153115 12
153231 9
153257 19
153782 11
153852 5
153868 6
154216 15
154343 6
154527 19
154991 10
155524 0
155550 4
155736 19
156005 17
156183 2
156289 13
156772 10
156777 4
156924 4
157351 17
157442 15
157608 11
157918 0
158469 13
158662 18
158675 8
159105 2
159305 11
159379 11
159745 14
159938 10
160075 8
160214 3
160349 16
160405 15
160871 6
160886 8
160921 12
161477 12
161510 3
161554 0
162128 19
162759 4
163225 8
163268 19
163402 10
163824 1
163911 0
163929 1
164505 8
164629 18
165000 3
165023 10
165034 13
165636 7
165817 2
166206 5
166223 14
166227 8
166873 0
167444 4
167637 8
167736 19
168011 13
168733 12
168833 17
169030 3
169311 1
169841 11
169844 5
170014 4
170560 1
170593 5
170703 5
171023 15
171048 19
171777 3
171833 17
171923 2
172267 10
172391 10
172517 13
172870 4
172971 7
173067 13
173504 14
173628 14
174183 18
174368 6
174402 13
174730 12
175289 9
175420 10
175464 3
175828 19
175953 1
176153 2
176441 16
176559 10
176737 9
177191 12
177276 15
177311 9
177748 4
177748 18
177906 16
178312 7
178493 0
178674 5
178928 3
179099 19
179166 19
179463 16
179544 11
179633 17
180131 5
180306 10
180720 16
180853 14
181203 11
181220 17
181392 2
181866 15
181919 3
182073 4
182586 10
182728 19
182897 5
183077 19
183124 8
183782 19
183855 1
183856 10
184363 10
184993 19
185086 0
185090 8
185515 3
186124 15
186699 4
186896 5
187344 11
187393 16
187397 10
187975 3
188112 14
188208 0
188460 7
189138 13
189200 2
189277 6
189756 12
190375 9
190489 9
190500 19
190997 2
191188 10
191355 0
191555 18
191595 2
191660 16
192166 8
192331 3
192491 0
192699 12
192761 3
192821 4
193322 14
193390 19
193560 6
193930 13
194486 10
194610 8
194675 3
195055 3
195187 7
195364 7
195701 1
195797 1
195988 14
196218 0
196306 15
196395 13
196902 6
197047 1
197073 14
197518 11
197645 11
198138 4
198163 15
198284 19
198697 9
198832 17
198878 2
199355 5
199861 11
199891 19
200048 18
200566 8
200634 9
201030 5
201643 18
201819 4
202288 8
202437 15
202586 18
202976 15
203058 9
203061 11
203475 12
203606 7
203613 17
204155 4
204201 4
204378 15
204713 0
204808 16
204912 14
205265 6
205318 11
205353 2
205939 18
206127 12
206316 18
206581 9
206597 18
206649 2
207194 9
207762 2
207839 18
208013 12
208361 11
208484 18
208914 12
209083 2
209140 5
209592 15
209668 6
209792 6
210072 12
210134 9
210292 13
210695 1
210823 18
211001 18
211275 5
211822 9
212009 9
212032 5
212447 5
212568 6
212653 2
213072 0
213750 8
213778 19
214353 16
214361 3
214526 4
214981 9
215010 8
215103 7
215553 2
216116 2
216258 9
216660 13
216774 1
216804 2
217290 19
217359 1
217364 0
217985 1
218126 4
218214 5
218552 1
218664 3
218738 12
219015 4
219721 14
219746 0
219896 19
220227 4
220415 12
220507 13
220827 12
221483 15
221559 9
221724 7
222107 9
222134 0
222302 5
222626 13
222736 19
222931 3
223278 2
223465 6
223494 2
223893 10
223936 7
224057 7
224473 9
225187 10
225303 5
225356 6
225794 19
225892 10
226015 5
226400 13
226856 19
226964 9
227027 14
227484 10
227653 6
227710 12
228051 16
228779 5
228892 11
228985 15
229334 4
229350 8
229429 4
229965 9
230011 1
230019 3
230521 6
230571 5
230609 11
231103 11
231183 9
231759 7
232311 12
232451 14
232916 17
233016 3
233152 1
233497 14
233575 1
234045 17
234075 6
234676 9
234851 13
234865 1
235317 2
235477 12
235826 13
235952 0
236070 14
236430 0
236592 17
236598 11
237014 19
237148 16
237720 18
238375 5
238492 2
238498 0
238935 3
239098 11
239129 19
239410 15
239437 14
240062 4
240224 13
240259 4
240755 14
240919 5
240929 14
241392 13
241432 4
241557 17
241939 14
241978 0
242125 7
242450 0
242456 9
242535 16
243019 14
243184 10
243362 2
243676 14
243682 18
243729 12
244358 19
244373 10
244535 4
244950 19
245575 18
245575 5
245593 11
246043 11
246134 4
246188 1
246759 4
246852 5
246968 2
247344 17
247974 13
247993 6
248512 0
249137 3
249283 9
249368 14
249723 19
249749 8
249771 6
250272 17
250272 2
250401 15
250810 10
250910 8
251005 7
251452 0
251617 9
251666 9
252050 18
252094 4
252157 3
252793 8
252840 10
252905 2
253234 5
253303 12
253357 9
253986 13
254047 10
254202 13
254525 10
254705 7
255131 16
255322 9
255322 13
255696 1
256391 17
256545 8
256709 8
256820 6
257480 18
257566 15
257748 15
258155 8
258350 4
258403 2
258665 17
258724 9
258891 18
259373 8
259472 15
259872 14
260007 3
260028 0
260461 0
261072 16
261245 9
261270 7
261778 15
261878 2
262015 10
262306 4
262348 19
262384 6
262823 14
262940 2
263461 1
264184 1
264225 16
264245 12
264615 16
264668 1
264683 14
265342 4
265344 14
265528 5
265971 5
266160 16
266321 2
266407 2
266507 8
267069 12
267082 8
267145 13
267762 15
268372 15
268856 19
268938 4
269485 9
269515 16
269696 5
270117 9
270118 2
270171 12
270775 13
271274 16
271332 10
271394 15
271887 8
271972 18
272162 18
272549 12
272583 6
272651 2
273127 1
273716 18
273852 19
273869 14
274393 7
274530 11
274588 12
274932 7
275063 8
275108 11
275445 2
275642 10
276199 5
276199 8
276682 0
276765 8
276819 2
277231 16
277375 2
277819 4
278470 7
278609 19
278673 0
279039 9
279224 0
279356 7
279691 12
279694 19
279812 0
280229 4
280389 12
280403 8
280845 17
281474 17
281477 11
281500 5
282145 1
282191 19
282239 8
282712 11
282729 14
282790 15
283375 19
283917 4
283955 8
284007 14
284577 12
284657 2
285055 3
285737 15
285835 9
285898 13
286205 4
286223 3
286256 12
286931 6
287017 19
287046 19
287500 0
287523 6
287716 4
288171 8
288709 16
288887 5
288994 11
289298 0
289399 3
289555 1
289980 7
290039 18
290210 5
290492 7
290506 7
291078 4
291146 16
291222 5
291689 18
291733 13
291903 5
292330 0
292847 15
292934 3
293047 14
293598 12
294176 2
294258 9
294363 10
294717 0
295209 0
295341 10
295390 18
295924 0
296106 9
296200 13
296481 11
297015 4
297674 7
297709 9
297767 6
298289 13
298428 0
298805 9
298874 5
299009 17
299474 19
299544 14
299693 2
300026 13
300058 12
300088 2
300707 9
300860 11
300869 15
301346 15
301395 16
301409 10
301806 13
302440 6
302541 13
303036 2
303073 4
303166 12
303709 8
303757 13
303914 18
304348 4
304432 14
304566 14
304820 3
304827 8
304900 18
305462 5
305527 3
305596 16
306039 16
306219 9
306318 18
306623 1
306761 2
306797 3
307354 10
307369 16
307849 7
308456 10
308600 0
308617 10
309081 4
309114 3
309259 11
309776 6
309844 19
309907 5
310346 4
310412 10
310414 2
310931 15
310988 8
311448 5
311622 5
311777 16
312052 16
312146 9
312706 11
312844 15
313003 16
313316 11
313352 11
313472 10
313865 10
313914 17
313965 7
314474 18
314521 16
314555 3
315052 9
315144 14
315331 13
315676 8
316388 16
316536 18
316961 11
317079 19
317198 14
317529 3
317611 4
317645 14
318187 0
318367 6
318485 17
318661 10
318762 13
318921 0
319314 1
319453 15
319901 18
319929 16
320040 16
320495 10
320676 10
321139 10
321612 5
321663 0
322302 13
322808 7
322909 1
322973 7
323598 11
324111 5
324129 14
324178 6
324632 10
325217 8
325240 8
326000 8
326042 9
326440 11
326539 3
327138 14
327312 10
327472 13
327690 0
327782 8
327875 19
328360 6
328381 12
328439 13
328880 0
329036 17
329062 16
329442 3
330135 7
330217 8
330794 11
331267 10
331278 19
331349 1
331946 19
332116 5
332313 4
332533 15
332721 12
332786 5
333018 15
333197 13
333394 10
333730 11
334393 11
334437 16
334534 7
334838 9
335441 5
335588 6
335772 9
336113 0
336163 5
336794 1
337289 7
337415 11
337513 1
337888 19
338078 12
338233 8
338599 14
338632 2
338814 3
339133 15
339298 6
339380 0
339602 1
339668 10
340302 0
340414 3
340456 6
340904 9
341455 19
342199 14
342322 12
342740 12
342860 14
342928 5
343360 15
343521 1
343693 6
343852 2
344036 15
344050 10
344461 10
344564 3
345014 4
345052 7
345052 7
345662 19
345681 13
346363 1
346418 9
346516 2
346865 6
346989 12
347009 16
347435 17
348151 8
348156 4
348340 1
348757 17
348817 15
348839 3
349346 12
349457 19
349577 12
349938 2
350126 17
350289 17
350572 18
350766 18
350890 17
351099 7
351177 2
351202 10
351664 10
351797 5
351924 7
352206 4
352405 14
352527 19
352905 1
353045 8
353447 19
354123 13
354164 4
354192 5
354763 12
354838 10
355028 13
355350 12
355523 0
355537 0
355885 18
356516 11
357053 12
357238 18
357248 9
357653 5
357705 1
358265 15
358372 6
358509 6
358979 12
359108 18
359117 7
359552 17
359562 7
360041 18
360697 9
360788 4
361225 1
361302 5
361371 0
361896 6
362495 16
362616 9
362765 11
363082 2
363105 12
363277 2
363770 14
363932 12
363949 1
364393 13
364553 18
364648 19
364817 5
364909 2
365439 0
365583 17
365616 13
366016 10
366049 0
366143 15
366685 3
366882 10
367013 15
367265 13
367455 6
367881 13
368034 17
368113 19
368448 18
368459 18
368490 7
369110 9
369194 17
369343 3
369686 11
369698 13
370258 16
370442 4
370811 14
370951 13
371058 5
371486 7
371659 19
371673 3
372029 5
372670 16
372786 1
372894 13
373242 7
373368 8
373389 12
373906 2
374080 1
374235 9
374593 6
374686 14
374783 13
375122 11
375773 5
376373 11
376373 6
376394 8
376878 3
376935 11
377029 19
377590 14
377784 16
377923 16
378001 0
378724 17
379373 3
379410 11
379964 13
380017 0
380151 19
380592 17
380764 7
380889 9
381058 10
381136 7
381312 6
381785 0
381816 19
382243 10
382295 18
382435 14
382891 9
383001 14
383106 18
383523 9
383694 3
384157 0
384207 8
384260 17
384655 0
384839 7
385001 0
385316 16
385402 18
385827 9
386450 8
386614 5
386713 4
387096 6
387204 3
387379 11
387604 8
388291 16
388924 3
389054 16
389202 11
389558 9
389660 7
389741 16
390038 8
390773 15
390781 13
390877 3
391287 12
391288 19
391352 18
391946 16
392085 18
392141 1
392581 17
392593 6
392684 11
393058 13
393172 5
393288 18
393668 1
393678 18
393719 15
394328 1
394372 19
394385 3
394827 2
394951 11
395072 18
395439 3
395477 4
395490 17
396128 17
396159 14
396210 10
396732 15
396900 11
396926 6
397240 7
397315 9
397412 13
397938 14
398119 13
398247 8
398474 19
398591 4
398630 16
399111 2
399307 1
399629 19
399730 18
399876 3
400219 15
400883 8
400895 16
401010 13
401567 4
401697 13
401737 3
402006 7
402748 19
402788 12
402914 18
403300 6
403460 11
403625 8
403896 15
404028 5
404181 12
404585 7
404676 8
404764 17
405011 6
405038 2
405084 8
405768 4
406324 5
406446 4
406582 3
406962 3
407041 15
407193 12
407416 16
407446 4
407538 0
408088 1
408704 4
408768 10
408804 7
409299 7
409345 1
409824 17
409934 12
409965 18
410504 14
411121 10
411320 7
411628 17
412201 3
412966 5
413024 16
413140 14
413513 1
413674 15
413715 5
414145 12
414229 17
414243 6
414780 10
414925 15
415103 11
415383 6
415944 4
416119 11
416171 6
416411 4
416607 11
416747 4
417083 2
417754 19
417866 8
417953 8
418375 3
418487 1
418685 14
418801 6
419445 4
420021 5
420105 9
420120 6
420610 8
420779 14
420822 2
421261 7
421413 11
421561 12
421822 14
421859 2
421977 18
422483 15
422563 18
422638 0
423074 1
423162 2
423223 18
423619 13
424344 11
424531 7
424628 4
424991 7
425011 9
425065 0
425426 3
425527 17
425644 18
426083 16
426221 16
426640 8
426795 15
426970 18
427205 2
427400 13
427561 4
427873 18
428036 12
428439 1
428601 14
428788 11
429037 1
429145 1
429294 4
429619 3
429776 19
430387 14
430529 11
430966 17
430989 8
431596 19
431787 14
431889 7
432000 15
432020 15
432654 7
432738 5
433383 18
433480 14
433486 19
433860 18
434502 17
434604 2
434797 15
435047 15
435630 11
436221 4
436316 17
436326 6
436842 14
436950 1
436963 9
437434 1
437504 18
437640 14
438179 18
438217 9
438404 13
438795 12
438850 19
439281 12
439884 12
439888 8
439907 0
440556 11
440613 18
441182 18
441226 18
441390 7
441783 4
441813 12
441930 4
442289 10
442340 1
442520 18
442807 14
442878 0
442983 5
443444 9
443470 4
443527 14
444135 15
444182 4
444638 16
444758 7
444814 17
445325 9
445480 13
445533 13
445811 0
446009 17
446494 18
446528 9
446558 17
447127 6
447274 3
447396 11
447756 9
447764 19
447962 13
448228 2
448389 12
448507 5
448938 11
449026 6
449165 12
449566 12
449687 5
450115 14
450252 3
450320 15
450602 17
450667 4
450774 13
451234 15
451828 8
452021 3
452090 14
452405 2
452499 0
452542 5
453122 18
453757 5
453846 3
453885 14
454303 2
454924 6
454976 13
455116 18
455525 17
455617 9
455730 18
456085 5
456267 2
456289 10
456738 10
456847 17
456943 19
457249 10
457978 3
458137 6
458275 7
458530 3
458647 15
459132 0
459243 17
459362 16
459614 18
459727 15
459915 19
460293 6
460393 0
460504 6
460960 0
461544 9
461618 15
461794 1
462044 3
462193 4
462215 0
462759 8
462876 16
462970 10
463280 0
463297 5
463304 1
463845 8
463967 13
463976 10
464418 4
464493 19
464532 2
465083 15
465185 9
465213 10
465641 6
465830 0
466363 6
466504 5
466704 5
466804 7
466847 17
467041 0
467582 4
467732 1
467752 9
468129 0
468255 0
468330 2
468729 10
469313 2
469453 15
469460 13
469938 16
469968 10
470061 8
470513 9
471063 15
471256 19
471723 8
471819 19
471872 12
472370 2
472907 10
472953 7
473030 12
473467 9
473545 14
473719 6
474021 18
474035 4
474213 5
474742 16
474812 2
474856 13
475384 0
475407 8
475466 1
475897 1
476442 19
476632 1
476732 12
477079 4
477142 9
477151 8
477657 17
477715 3
477765 4
478375 14
478564 8
478885 12
479061 12
479163 18
479452 15
479506 16
480079 15
480781 0
480809 3
481241 18
481386 10
481815 5
482506 5
482635 10
482802 0
483066 13
483634 9
483818 3
484325 13
484336 1
484344 6
484942 17
485131 3
485285 5
485592 19
485598 7
485707 18
486039 2
486167 7
486266 19
486791 11
486835 13
487008 10
487279 14
487475 4
487672 8
487800 17
487995 4
488103 17
488558 2
488590 14
488695 14
489128 17
489754 3
489950 4
490147 2
490317 14
490869 13
491600 0
491662 4
491770 14
492113 6
492618 15
492656 17
492847 2
493237 1
493978 6
494099 16
494105 19
494424 10
494601 16
494741 4
495003 8
495055 7
495175 15
495605 3
495726 1
495817 10
496394 15
496450 15
496986 11
497129 2
497137 19
497438 6
498147 5
498263 18
498385 17
498607 12
498676 18
498747 9
499296 14
499409 10
499535 13
499938 7
500055 7
500462 16
500558 12
500654 2
501002 17
501066 14
501254 7
501633 16
502344 8
502428 13
502876 11
502910 13
502915 7
503579 18
503773 12
503785 19
504107 16
504221 14
504395 5
504695 19
504862 19
504920 13
505307 14
505411 8
505468 5
505952 1
506133 6
506182 1
506550 9
506557 18
506631 2
507178 6
507221 0
507299 19
507663 17
507847 8
508208 11
508329 11
508477 13
508860 9
508950 5
509577 0
509722 9
509873 3
510142 10
510194 6
510689 11
511334 11
511390 9
511831 11
512004 12
512428 5
512613 2
512712 18
513187 18
513303 18
513383 7
513736 9
513813 17
513955 18
514289 0
514430 19
514457 6
514914 2
515091 15
515238 18
515564 4
515565 18
515756 6
516169 16
516344 7
516466 15
516759 19
516831 10
516962 8
517253 17
517840 3
517848 10
518044 4
518522 13
518712 15
518815 19
519146 17
519205 7
519225 10
519744 13
519859 4
520245 9
520930 13
521074 4
521219 14
521421 6
521432 13
521521 8
522056 6
522197 2
522717 5
522770 10
522884 9
523397 2
523414 14
523431 6
523880 3
524051 9
524153 0
524464 4
524558 6
524632 5
525123 16
525733 6
525830 8
525967 3
526378 9
526431 7
526459 18
526883 17
527029 7
527043 15
527509 4
527550 11
528037 4
528166 9
528167 1
528687 18
528832 17
528904 11
529226 14
529355 8
529818 10
530001 0
530144 5
530558 8
530652 15
530709 19
531186 16
531330 11
531450 10
531785 5
532251 7
532287 19
532381 0
532868 10
533056 18
533114 2
533499 19
533519 18
533676 14
534017 6
534203 4
534260 6
534786 13
534955 12
535123 15
535356 14
535423 15
535545 18
535878 18
536462 11
536542 3
537147 12
537214 11
537222 1
537732 3
537890 4
538027 10
538366 5
538857 16
539001 0
539401 17
540066 19
540209 19
540248 14
540741 1
540881 11
541040 3
541287 19
541303 10
541955 4
541979 14
542139 17
542501 10
543002 0
543037 5
543700 11
543727 9
543747 15
544370 8
544537 9
544698 10
544848 7
545006 6
545150 17
545474 12
545559 5
545661 4
546060 17
546249 10
546325 17
546785 12
546867 19
547393 13
547579 0
547939 9
548446 7
548529 9
548660 0
549021 0
549060 3
549069 2
549614 7
549682 16
549682 9
550368 7
550512 13
550524 2
550882 17
551015 8
551057 14
551404 11
551533 15
551597 10
552051 0
552063 13
552162 19
552795 17
552906 5
552988 3
553382 11
553396 15
553416 4
553908 2
554499 15
554526 1
554666 6
555138 9
555279 7
555425 13
555793 10
555959 14
556030 4
556275 0
556307 0
556425 10
556949 2
557062 8
557505 11
557695 4
557838 0
558133 6
558221 15
558683 18
558821 8
559203 18
559212 1
559257 16
559809 4
559921 5
559980 0
560467 7
560561 9
561121 8
561198 17
561333 4
561763 12
561957 16
562058 4
562346 3
562456 6
562992 12
563050 8
563099 13
563510 17
564123 2
564293 13
564424 3
564791 2
564974 13
565084 17
565297 15
565372 14
565410 10
565949 5
565955 2
565976 15
566449 17
566604 12
566612 17
567133 10
567279 4
567472 16
567625 19
567653 16
567680 14
568206 10
568895 1
569054 10
569082 3
569462 11
569514 14
569546 5
570176 11
570284 17
570409 17
570766 11
570883 19
570899 6
571279 11
571297 19
571325 15
571912 5
571933 11
572090 8
572577 19
572663 18
573004 5
573069 18
573091 6
573683 9
573849 18
573992 2
574327 13
574353 9
574401 13
574841 5
575522 15
575612 11
576158 5
576337 0
576691 11
576838 19
576882 1
577267 1
577304 6
577898 10
578096 16
578188 14
578519 10
578582 12
578637 6
579020 15
579725 11
579784 15
579983 10
580264 17
580915 10
580943 19
581011 2
581468 16
582132 4
582316 2
582334 6
582779 9
582921 0
583080 0
583277 18
583389 0
583543 15
583837 0
583977 19
584455 6
584544 6
584587 12
585174 19
585199 11
585386 7
585689 10
585802 6
585863 5
586205 17
586299 7
586496 5
586911 16
587093 10
587165 18
587478 12
587651 18
588009 18
588157 4
588311 1
588693 19
588760 7
589232 15
589392 9
589411 5
589976 18
589989 15
590069 4
590595 1
590678 13
591070 1
591265 14
591378 1
591610 8
591662 12
591760 2
592389 17
592406 3
592555 14
592953 12
592964 5
593056 9
593474 16
593542 16
593554 9
594080 14
594148 4
594205 6
594688 17
594738 12
594760 7
595271 10
595899 19
596033 5
596043 15
596440 9
596590 1
596770 2
597039 9
597057 10
597111 7
597788 9
597970 18
598120 1
598332 16
598517 13
598716 6
598871 4
599044 10
599045 12
599598 4
599651 2
599801 11
600143 10
600186 8
600291 3
600762 17
600845 15
600902 17
601384 18
601809 2
601965 9
602074 18
602454 7
603025 7
603064 15
603231 10
603762 4
603870 2
603997 13
604279 13
604415 2
604566 11
604990 0
605022 16
605172 6
605552 15
606196 15
606388 19
606568 8
606618 14
606622 10
606777 3
607233 17
607819 10
607866 16
608024 19
608432 15
609174 7
609373 8
609374 2
609784 15
609813 0
609922 16
610382 11
610395 11
610419 11
610956 19
611451 3
611518 1
612079 3
612123 7
612311 19
612634 1
612834 7
612982 17
613359 16
613504 12
613582 18
613879 10
613929 4
614062 12
614539 8
614663 11
614721 4
615128 8
615184 14
615293 18
615650 11
615806 10
615972 7
616300 9
616403 10
616475 2
616888 8
617045 15
617540 2
617563 13
617680 12
618156 8
618346 14
618418 2
618752 2
618865 6
618953 19
619384 4
619480 5
619642 5
619962 14
619966 3
620005 11
620496 18
620647 8
621159 19
621241 18
621261 8
621632 11
621778 14
621860 4
622234 17
622862 4
623043 7
623045 17
623480 15
624196 11
624316 8
624416 3
624618 8
625368 9
625487 5
625648 4
625961 17
626106 7
626214 14
626485 15
626561 14
626682 1
627007 18
627124 7
627197 16
627772 16
627928 0
628066 13
628242 16
628442 17
628512 13
628977 11
629086 18
629271 8
629442 2
629525 12
629709 8
630100 5
630104 13
630223 4
630686 13
631264 11
631413 18
631488 14
631891 14
631982 18
632144 2
632587 17
632774 8
632939 13
633135 5
633284 1
633353 4
633727 19
633777 5
633853 12
634355 14
634549 18
634645 9
634854 0
634880 19
635021 6
635598 5
636043 5
636668 2
637330 4
637480 19
637637 6
637992 3
638023 1
638079 13
638467 5
638529 19
638638 9
639066 8
639130 15
639173 17
639674 14
639759 10
639879 7
640200 19
640278 15
640431 14
640821 0
640988 15
640989 5
641543 13
641651 18
641689 5
642042 8
642098 19
642155 7
642795 18
642810 13
642928 8
643393 3
643593 10
643928 16
644569 14
644630 1
645087 18
645101 19
645733 5
645809 6
645925 10
646330 14
646461 2
646582 1
646929 16
647053 14
647552 11
647742 0
647823 19
648009 8
648130 11
648649 0
649276 6
649365 4
649414 12
649836 11
649838 11
649979 17
650481 8
650672 12
650737 8
651032 9
651203 14
651708 16
651722 7
652248 2
652371 4
652417 5
652975 16
652985 8
653101 6
653468 4
653653 10
653809 16
654130 11
654653 12
654817 18
654985 13
655356 3
655501 9
655907 11
656036 8
656483 8
656507 8
656630 13
657172 5
657198 14
657321 7
657736 15
657758 13
657913 14
658370 7
658864 1
659526 1
659684 6
659778 13
660074 18
660772 7
661352 9
661542 4
661655 13
661997 12
662583 6
662607 9
662739 3
663071 11
663212 19
663266 12
663764 3
664256 0
664417 16
664990 17
665123 16
665251 17
665460 3
666135 18
666256 10
666277 6
666713 6
667255 7
667886 2
667894 16
668018 14
668566 3
668672 6
668801 14
669036 2
669710 17
669826 10
670013 16
670230 18
670270 5
670354 17
670912 15
671058 13
671150 6
671538 10
671654 16
671728 2
672014 7
672212 10
672346 2
672603 10
673265 13
673400 10
673907 17
674012 2
674562 13
674599 16
675065 7
675198 4
675673 14
675681 8
675747 12
676235 8
676420 17
676535 16
676816 19
677003 7
677045 17
677463 4
678189 13
678382 6
678558 4
678766 12
678912 0
679225 15
679391 11
679409 8
679804 10
679999 18
680178 13
680591 19
680742 8
680810 1
681181 0
681186 10
681347 18
681792 18
681989 7
682060 9
682301 18
682361 8
682913 15
683077 19
683163 19
683459 10
684090 16
684614 14
684644 0
684773 3
685216 10
685384 19
685904 6
686430 13
686532 10
686647 3
687117 6
687130 12
687682 10
688382 13
688577 13
688619 1
688883 19
688942 12
689024 11
689400 10
689583 12
689657 8
690063 13
690787 9
690945 5
691049 4
691368 6
691525 11
691712 17
691936 5
692076 8
692159 4
692482 18
692553 12
692653 11
693172 17
693186 3
693293 11
693683 4
693854 10
694325 6
694475 8
694644 16
694995 7
695135 16
695160 17
695559 9
695577 7
695760 1
696153 19
696334 0
696495 11
696773 3
696958 16
697119 10
697312 4
697348 15
697543 6
697878 11
697971 18
697988 12
698548 0
698716 15
698717 11
699058 3
699248 15
699753 5
699775 3
699938 16
700305 13
700505 9
700578 14
700819 9
701472 1
701584 18
701637 1
702099 10
702110 2
702305 8
702751 11
702833 5
702995 7
703254 15
703414 1
703524 12
703840 5
704404 11
705107 19
705160 15
705360 14
705729 11
705879 10
705901 2
706330 16
706843 13
706851 3
707595 4
707603 0
707778 3
708119 11
708291 19
708322 5
708696 0
708892 9
708911 3
709378 15
709976 1
710037 8
710400 7
710442 7
710594 2
711039 14
711097 8
711150 2
711677 2
711724 8
711727 7
712273 7
712807 9
712837 11
713441 10
713630 15
713690 17
714056 14
714724 14
714811 13
714869 11
715292 7
715310 14
715358 14
715970 3
715993 17
716050 6
716491 13
717062 17
717127 4
717306 17
717670 7
717739 14
717836 16
718286 3
718881 15
719048 13
719131 0
719429 18
719556 0
719732 16
720026 3
720136 2
720221 18
720682 1
721269 13
721313 13
721869 17
722535 7
723029 2
723064 11
723169 1
723671 8
723747 16
723858 0
724333 13
724401 16
724526 11
724964 4
725044 6
725227 7
725530 14
725652 9
725797 13
726108 1
726279 8
726406 14
726634 8
727325 19
727365 3
727473 15
727815 18
727867 4
727908 19
728511 8
728635 0
728821 2
729068 19
729151 14
729758 15
729899 11
730032 18
730376 0
730848 11
730874 5
731540 11
732006 1
732074 13
732159 14
732614 4
732798 9
732880 17
733269 12
733457 0
733467 11
733870 19
733914 7
734552 7
734571 13
734625 4
735177 19
735226 11
735243 2
735685 19
735793 16
736210 15
736224 12
736852 0
736863 3
736977 14
737588 11
737593 15
737623 8
738102 11
738206 0
738364 1
738680 0
738819 7
738876 3
739391 1
739987 2
740155 14
740341 17
740589 19
740620 0
740712 8
741136 17
741331 2
741339 8
741770 10
742351 8
742356 18
742556 13
742955 13
743065 0
743228 6
743507 14
743695 1
743881 10
744003 5
744161 14
744296 5
744771 16
744823 15
745231 8
745394 9
745807 14
745838 7
746486 16
746626 4
747171 0
747206 9
747247 19
747743 10
747806 2
747917 12
748213 19
748331 6
748842 2
748842 16
748980 18
749469 2
749576 19
749698 16
750185 5
750207 14
750349 11
750622 11
750791 19
750888 1
751350 11
751502 4
751572 7
751836 6
751852 12
751941 7
752576 11
752589 3
752724 4
753153 7
753339 8
753445 10
753694 1
754298 9
754480 5
754483 12
754808 2
754915 14
755005 13
755580 4
755607 17
755610 11
756039 8
756098 14
756192 0
756785 15
757251 0
757284 10
757445 16
757973 18
758118 15
758552 17
759063 11
759123 5
759236 1
759743 7
759810 3
759928 17
760371 10
760862 15
761033 2
761148 16
761448 8
762161 15
762175 2
762325 5
762678 13
763329 6
763489 1
763608 3
763854 17
763968 7
764102 16
764406 15
765100 15
765210 12
765377 18
765777 14
765865 12
765971 7
766267 8
766442 12
766537 16
766982 6
767105 4
767240 0
767495 4
768026 2
768108 14
768143 16
768745 2
768781 12
768968 9
769245 16
769318 7
769396 7
769946 2
770096 16
770122 16
770437 3
770600 18
770660 13
771082 8
771092 10
771132 2
771758 19
771790 8
771836 15
772298 19
772911 7
772973 12
773162 1
773482 10
773617 17
773657 5
774001 14
774200 13
774608 19
774701 0
774851 5
775389 8
775959 1
776009 11
776107 13
776465 0
776549 19
777148 3
777156 11
777194 9
777750 19
778341 12
778363 2
778408 14
778982 18
779041 18
779202 18
779439 1
780186 6
780269 19
780335 17
780690 13
780797 5
780982 2
781228 4
781952 11
782069 3
782114 3
782479 6
782620 3
782814 19
783033 16
783147 11
783280 1
783781 5
783784 4
783856 13
784383 6
784479 10
784891 9
785005 10
785163 13
785575 11
785607 7
785690 16
786193 9
786371 15
786439 15
786603 5
786669 7
786840 0
787234 14
787307 9
787381 16
787895 13
788435 3
788630 18
788699 0
789154 16
789185 4
789793 8
789966 9
790158 14
790237 17
790304 8
790334 15
790839 15
790998 5
791060 16
791487 5
791633 6
791664 19
792097 7
792282 17
792393 11
792794 5
792886 17
792896 3
793391 7
793864 11
793980 5
794124 4
794562 17
795012 1
795066 8
795078 11
795760 2
795955 14
795992 14
796256 8
796317 4
796468 15
796861 2
796886 16
797478 3
797510 11
797678 1
798121 10
798149 1
798327 5
798647 13
798749 7
798838 10
799298 11
799345 5
799517 6
799922 15
800414 16
800578 7
800632 9
801176 16
801301 0
801324 10
801771 16
801813 8
801902 6
802213 14
802295 4
802433 7
802806 14
802852 2
803494 15
803656 10
803839 3
804029 13
804206 15
804299 3
804603 0
804792 5
804935 2
805333 6
805339 14
805426 0
805807 15
805975 12
806150 0
806539 7
807044 8
807210 6
807395 11
807664 17
807765 16
807830 15
808259 4
808910 15
808930 3
809080 7
809464 16
809612 11
809659 13
810020 11
810195 11
810205 8
810798 5
810998 19
811309 18
811508 15
811708 0
811836 0
812423 17
812602 18
812729 1
813118 5
813217 7
813301 18
813795 6
814241 13
814949 7
815400 17
815578 13
815623 11
816179 9
816344 11
816750 5
816752 13
816778 6
817269 0
817299 9
817390 10
817968 8
818155 15
818349 10
818531 6
818569 1
819162 1
819328 16
819393 17
819656 12
819747 11
819863 0
820361 7
820852 3
821049 1
821104 11
821577 1
821753 12
821862 19
822132 0
822135 9
822171 7
822611 15
822678 2
822760 13
823325 8
823416 10
823862 4
823944 2
824036 3
824470 16
825032 9
825204 4
825723 0
825873 17
826037 4
826384 16
826547 5
826843 1
827002 2
827498 2
827673 19
827706 16
828080 7
828125 16
828168 2
828757 19
829375 9
829912 14
830038 5
830080 0
830407 6
830436 1
830593 2
831080 18
831084 7
831176 7
831766 2
831849 5
831944 15
832368 0
832494 9
832612 8
832975 12
833150 1
833335 17
833561 5
833661 10
834070 5
834209 15
834400 16
834613 9
835214 7
835316 14
835354 17
835856 2
835921 16
836043 3
836586 1
836780 17
836830 11
837178 5
837245 16
837606 5
838367 1
838442 14
838461 1
838832 1
839029 5
839185 17
839496 14
840142 7
840651 11
840816 19
840963 13
841278 18
841344 7
841387 2
841877 8
841896 10
841978 19
842428 1
842440 4
842486 5
843043 0
843096 18
843129 5
843670 10
843752 6
843884 14
844361 0
844555 0
844650 16
844874 12
844967 4
845114 19
845475 5
846139 17
846196 12
846742 9
846918 1
846995 9
847287 19
847470 15
847541 12
847818 1
847843 11
847985 19
848588 6
848782 19
848832 3
849123 19
849768 0
849902 9
849917 6
850368 18
850413 10
850510 15
850919 0
851092 1
851441 11
851494 17
851589 11
852134 1
852189 0
852279 12
852750 19
852821 15
852944 11
853332 0
853452 10
853479 5
853950 19
854401 13
854496 12
854637 11
855113 15
855222 12
855318 14
855604 0
855609 19
855645 9
856218 0
856240 0
856360 5
856891 0
857031 1
857112 4
857440 11
857519 0
858197 1
858396 13
858423 7
858782 4
858843 10
858855 19
859326 6
859415 12
859501 1
859921 1
859951 11
859995 7
860525 12
860681 8
860826 2
861062 8
861151 19
861274 7
861633 10
861826 9
862368 4
862440 13
862614 9
862859 3
862966 19
863062 6
863539 9
863554 10
863650 4
864048 9
864161 2
864171 18
864704 14
864718 6
865326 2
865959 16
865981 9
866517 5
866682 6
866881 8
867126 10
867765 7
867773 7
868324 7
868402 18
868513 14
868951 16
869579 18
869701 10
869783 14
870195 5
870732 3
870754 16
870791 10
871336 12
871403 19
871412 18
871962 19
871998 9
872125 4
872519 0
872682 17
873102 12
873104 14
873252 17
873778 3
874310 18
874378 15
874885 6
875071 1
875082 19
875461 13
875553 6
875726 14
876000 18
876085 2
876223 7
876605 9
877330 4
877352 13
877802 12
878491 15
879012 18
879193 16
879332 18
879772 2
879960 11
880109 14
880288 11
880850 13
880915 18
881104 18
881444 19
881633 1
882133 6
882619 17
882704 9
882836 4
883316 14
883505 10
883601 14
883985 10
884125 7
884478 1
884601 16
884719 18
885149 3
885225 18
885316 0
885681 1
885713 3
885723 3
886273 13
886887 15
887083 14
887083 0
887414 5
887528 6
887535 9
888045 0
888236 0
888361 3
888704 14
889292 10
889957 3
889990 17
890055 10
890434 10
890514 14
890572 7
891033 8
891087 12
891665 12
892286 16
892345 8
892362 9
892968 15
893494 3
893671 14
893687 7
894108 9
894273 18
894334 19
894715 8
894763 13
894934 17
895251 18
895977 6
896080 0
896224 17
896453 3
896546 1
896692 1
897094 1
897206 17
897797 17
898273 1
898393 5
898504 5
898988 19
898994 4
898997 18
899414 13
899416 16
899485 17
900049 12
900187 13
900249 9
900748 2
900799 16
900829 4
901255 9
901370 9
901444 19
901804 2
902549 12
902552 17
902597 19
903127 17
903216 13
903310 8
903723 0
903770 10
903877 15
904315 13
904821 6
905015 18
905100 17
905524 19
905588 19
905669 9
906059 13
906189 12
906312 10
906734 14
906845 2
906936 12
907257 7
907343 19
907376 15
907862 9
908048 18
908118 4
908436 5
909118 13
909314 11
909386 7
909794 16
909842 4
909961 16
910324 19
910426 6
910839 6
910931 15
911075 3
911589 9
911639 2
912184 17
912381 0
912759 10
912923 7
912971 6
913208 13
913894 11
914485 5
914523 15
914631 3
915193 8
915684 18
916283 3
916921 15
916954 15
917067 12
917516 12
917665 14
917757 2
918182 1
918248 12
918408 13
918758 5
919281 4
919939 14
920027 5
920430 16
921111 19
921241 13
921343 2
921617 3
922290 3
922355 17
922469 6
922869 15
923003 0
923404 9
923444 7
924127 0
924290 14
924483 2
924637 16
924687 15
925348 11
925360 9
925418 7
925974 18
926063 2
926246 6
926496 19
926690 0
926718 2
927127 0
927321 17
927365 14
927712 16
927807 19
927954 7
928375 9
928412 11
928504 15
928838 10
928902 7
928929 14
929579 19
929603 11
929751 13
930130 8
930159 1
930239 1
930686 5
930704 10
930733 9
931374 5
931491 5
931677 11
931932 6
932048 4
932204 10
932549 14
932571 6
933160 11
933271 8
933288 13
933606 10
933768 14
934297 13
934886 11
935565 10
935758 8
935886 3
936028 9
936631 9
936700 9
937348 13
937881 14
937890 2
938077 10
938590 12
938693 18
938742 5
939115 12
939222 18
939378 9
939765 17
939799 18
939806 2
940386 5
940425 1
940514 4
940876 16
940974 17
941085 18
941411 18
941457 5
941653 2
942103 15
942138 3
942338 9
942747 7
943351 6
943392 16
943879 5
944038 18
944077 16
944558 16
945043 13
945076 18
945766 7
945848 7
946269 13
946948 0
947098 16
947483 1
947683 2
947868 11
948200 11
948378 13
948499 11
948746 5
948813 10
948966 8
949327 3
949517 5
949550 15
949996 16
950170 4
950181 7
950578 13
950588 16
950713 11
951011 4
951043 17
951235 4
951618 17
951675 13
951720 16
952242 17
952286 8
952899 18
953515 10
953580 17
953706 5
954191 18
954389 13
954524 15
954745 12
954788 17
955208 17
955950 19
956054 7
956055 11
956461 16
956475 16
956593 14
957050 16
957219 14
957666 19
957803 3
957955 1
958306 4
958484 10
958599 17
958967 1
958990 17
959026 5
959425 18
959496 9
959613 18
960114 2
960241 16
960308 7
960633 6
960832 7
960839 9
961204 0
961300 14
961976 5
962134 2
962191 13
962594 12
962725 5
963033 14
963649 12
963787 14
964204 13
964316 13
964453 15
964936 3
964997 1
965136 8
965418 10
966121 14
966750 17
967358 6
967502 4
967610 4
967936 18
968055 13
968178 3
968547 3
968707 3
968793 2
969046 0
969114 13
969195 10
969781 5
970324 10
970483 18
970517 13
970944 19
971528 12
971631 8
971736 4
972093 7
972724 3
972845 10
972883 1
973340 1
973392 0
973468 4
973824 8
973977 9
974466 11
974629 10
974737 11
975062 6
975220 14
975339 11
975771 17
975816 8
975850 19
976299 14
976327 4
976411 8
976879 16
977599 1
977643 16
978193 4
978216 19
978359 17
978615 13
979355 11
979497 5
979551 8
979814 17
979940 2
979953 17
980536 0
980537 8
980693 4
981066 5
981683 13
981706 16
981745 6
982365 13
982371 18
982398 6
982932 14
983586 9
983652 0
983812 19
984109 4
984134 16
984170 18
984773 14
985317 1
985870 13
985976 1
986475 7
986478 13
986676 19
987104 3
987243 11
987334 0
987623 10
987645 17
988357 13
988837 6
988902 1
988956 8
989572 19
989586 9
990003 12
990088 5
990242 8
990748 19
990855 19
990970 3
991369 4
991966 7
991985 14
991997 15
992562 10
992592 18
993063 18
993106 0
993607 3
993678 10
993794 2
994232 14
994250 4
994348 3
994846 17
994904 12
994945 7
995489 14
995556 8
995557 10
996119 3
996239 15
996419 10
996631 9
996779 8
997357 4
997492 13
997539 3
997949 3
998002 13
998199 0
998517 16
998644 7
998700 11
999122 12
999277 13
999328 17
999773 3
999903 11
1000086 0
