20 7
743 17
860 3
1015 18
1318 16
1346 3
1518 5
1912 17
2576 7
2599 7
2679 13
3179 18
3710 5
3743 16
3829 3
4202 12
4378 7
4849 18
4872 14
5541 10
5728 6
5909 12
6000 8
6771 19
7354 8
7423 0
7983 14
8077 19
8230 8
8513 6
8640 8
8701 0
9191 7
9341 15
9496 16
9780 18
9780 3
9902 7
10340 10
10447 17
10494 5
10814 14
11492 6
11515 9
11706 16
12102 5
12138 19
12173 18
12682 12
12872 3
13066 6
13376 5
13468 12
13665 3
13949 12
13962 15
13974 18
14400 9
14582 13
14590 14
15059 6
15699 6
15871 13
16048 18
16391 11
16521 7
16629 8
16832 0
16857 4
16976 3
17513 19
17645 13
18045 19
18760 10
18906 17
18944 17
19372 17
19517 10
19625 19
19889 11
20063 17
20123 6
20517 1
20648 19
20664 12
21086 11
21204 18
21263 19
21775 2
21812 15
22010 11
22358 11
22514 0
22595 11
22924 18
22968 1
23540 10
24081 2
24198 13
24208 8
24754 3
24790 4
24878 1
25390 2
25531 10
25569 11
25983 19
26566 18
26627 10
27081 8
27711 8
27856 5
27913 2
28286 3
28366 15
28517 15
28904 5
28911 8
29509 19
29538 16
29710 3
30133 0
30289 4
30324 11
30645 8
30690 9
30725 19
31206 12
31320 3
31329 0
31917 10
32041 14
32149 16
32412 15
33152 3
33251 4
33327 11
33736 12
33793 4
33971 1
34324 16
34419 17
34834 8
35503 3
35611 12
36197 16
36641 14
36683 1
36712 7
37384 7
37884 9
37911 16
37964 5
38430 11
38551 5
39187 16
39704 19
39766 2
40204 10
40303 13
40421 13
40979 6
41159 16
41287 1
41493 6
42151 11
42199 19
42362 18
42620 8
42630 8
42816 7
43355 17
43450 6
43825 15
44025 15
44065 7
44597 17
44629 15
44813 18
45076 17
45182 7
45368 18
45647 18
46262 0
46294 10
46388 0
46819 2
46959 17
47016 13
47541 14
48109 16
48205 9
48238 11
48692 16
48853 1
49002 2
49386 4
49808 2
49902 13
50458 10
50592 10
50670 1
51066 0
51195 4
51272 7
51694 11
51696 19
51879 5
52334 11
52446 15
52492 12
52928 0
53048 4
53201 7
53403 5
53409 16
53437 9
54139 9
54229 11
54320 19
54655 10
54755 15
54817 6
55276 15
55379 11
55392 19
55903 3
56578 15
56606 0
56755 9
57028 16
57081 7
57779 7
58392 13
58852 9
59558 4
59718 2
59861 16
60138 18
60173 9
60264 7
60629 14
60679 16
60792 13
61321 16
61508 5
61962 13
62126 1
62209 0
62592 17
62668 4
63006 13
63619 19
63803 10
63907 8
64205 9
64296 9
64381 17
64932 13
65512 7
65564 9
66175 9
66274 3
66432 3
66734 9
67307 14
67804 11
67957 10
67976 8
68409 9
68438 9
68635 19
69074 10
69079 0
69244 6
69643 3
69697 11
69713 0
70233 11
70873 14
70935 13
71088 0
71462 3
71551 18
71732 15
72065 0
72753 11
73210 18
73400 19
73571 9
73984 8
74181 12
74267 13
74526 14
74690 13
75135 2
75271 1
75399 2
75777 7
75911 10
76090 1
76257 12
76360 5
76560 10
76939 19
77122 18
77273 3
77534 13
77710 16
77828 17
78092 14
78123 0
78793 7
78927 10
79042 3
79260 18
79260 17
79343 4
79826 2
79997 8
79999 0
80502 2
80619 8
81026 11
81064 0
81076 7
81632 6
81639 18
81725 14
82400 7
82832 12
82941 6
83002 16
83404 8
83547 10
83669 14
84111 13
84200 11
84729 17
84774 4
84924 9
85221 6
85329 8
85422 16
85812 18
85871 4
85948 0
86568 19
86609 6
87198 3
87378 6
87508 6
87781 8
87847 8
87996 4
88286 5
88375 4
88464 3
88921 17
89004 18
89183 13
89527 12
89539 9
89688 1
90169 16
90273 6
90338 11
90748 9
90779 2
90931 13
91386 7
91463 8
91474 1
91817 3
91819 19
92477 14
92670 19
93147 3
93636 16
93834 11
94312 15
94390 3
94463 9
94836 17
95526 16
95591 11
95666 15
96194 16
96242 8
96317 1
96665 19
96805 7
96878 10
97322 17
97837 6
97916 11
97996 0
98481 10
98625 2
99046 12
99110 4
99246 2
99759 3
99849 13
99992 9
